0.00000,0
0.00000,50
0.00001,100
0.00002,150
0.00004,200
0.00006,250
0.00008,300
0.00012,350
0.00015,400
0.00019,450
0.00024,500
0.00030,550
0.00034,600
0.00040,650
0.00045,700
0.00051,750
0.00058,800
0.00064,850
0.00072,900
0.00080,950
0.00089,1000
0.00102,1050
0.00107,1100
0.00118,1150
0.00129,1200
0.00141,1250
0.00152,1300
0.00164,1350
0.00178,1400
0.00190,1450
0.00203,1500
0.00214,1550
0.00228,1600
0.00246,1650
0.00256,1700
0.00271,1750
0.00286,1800
0.00300,1850
0.00317,1900
0.00333,1950
0.00350,2000
0.00367,2050
0.00383,2100
0.00403,2150
0.00425,2200
0.00443,2250
0.00463,2300
0.00484,2350
0.00502,2400
0.00526,2450
0.00543,2500
0.00566,2550
0.00586,2600
0.00611,2650
0.00641,2700
0.00661,2750
0.00684,2800
0.00708,2850
0.00734,2900
0.00764,2950
0.00790,3000
0.00820,3050
0.00848,3100
0.00874,3150
0.00907,3200
0.00938,3250
0.00962,3300
0.00989,3350
0.01017,3400
0.01046,3450
0.01073,3500
0.01104,3550
0.01135,3600
0.01163,3650
0.01213,3700
0.01233,3750
0.01245,3800
0.01280,3850
0.01314,3900
0.01348,3950
0.01382,4000
0.01421,4050
0.01453,4100
0.01488,4150
0.01518,4200
0.01556,4250
0.01592,4300
0.01632,4350
0.01670,4400
0.01709,4450
0.01744,4500
0.01804,4550
0.01846,4600
0.01872,4650
0.01962,4700
0.01984,4750
0.02024,4800
0.02061,4850
0.02124,4900
0.02140,4950
0.02188,5000
0.02226,5050
0.02276,5100
0.02324,5150
0.02369,5200
0.02417,5250
0.02467,5300
0.02482,5350
0.02518,5400
0.02568,5450
0.02642,5500
0.02664,5550
0.02734,5600
0.02791,5650
0.02831,5700
0.02882,5750
0.02933,5800
0.03031,5850
0.03080,5900
0.03137,5950
0.03213,6000
0.03267,6050
0.03291,6100
0.03349,6150
0.03397,6200
0.03450,6250
0.03533,6300
0.03578,6350
0.03635,6400
0.03692,6450
0.03747,6500
0.03798,6550
0.03859,6600
0.03929,6650
0.03941,6700
0.04005,6750
0.04076,6800
0.04117,6850
0.04179,6900
0.04235,6950
0.04330,7000
0.04387,7050
0.04450,7100
0.04515,7150
0.04611,7200
0.04659,7250
0.04722,7300
0.04723,7350
0.04766,7400
0.04916,7450
0.04882,7500
0.04948,7550
0.05021,7600
0.05126,7650
0.05194,7700
0.05234,7750
0.05308,7800
0.05368,7850
0.05427,7900
0.05525,7950
0.05580,8000
0.05662,8050
0.05725,8100
0.05734,8150
0.05805,8200
0.05884,8250
0.05953,8300
0.06032,8350
0.06117,8400
0.06223,8450
0.06292,8500
0.06335,8550
0.06382,8600
0.06466,8650
0.06548,8700
0.06671,8750
0.06737,8800
0.06832,8850
0.06910,8900
0.06988,8950
0.07074,9000
0.07188,9050
0.07256,9100
0.07347,9150
0.07470,9200
0.07485,9250
0.07564,9300
0.07694,9350
0.07764,9400
0.07927,9450
0.07987,9500
0.08029,9550
0.08132,9600
0.08213,9650
0.08292,9700
0.08362,9750
0.08446,9800
0.08556,9850
0.08628,9900
0.08747,9950
0.08852,10000
0.08906,10050
0.08949,10100
0.09115,10150
0.09154,10200
0.09261,10250
0.09330,10300
0.09390,10350
0.09525,10400
0.09643,10450
0.09698,10500
0.09753,10550
0.09849,10600
0.09938,10650
0.10104,10700
0.10283,10750
0.10302,10800
0.10362,10850
0.10466,10900
0.10531,10950
0.10623,11000
0.10749,11050
0.10755,11100
0.10889,11150
0.10947,11200
0.11133,11250
0.11262,11300
0.11207,11350
0.11354,11400
0.11413,11450
0.11753,11500
0.11760,11550
0.11742,11600
0.11841,11650
0.11931,11700
0.12157,11750
0.12331,11800
0.12380,11850
0.12419,11900
0.12548,11950
0.12654,12000
0.12668,12050
0.12766,12100
0.12877,12150
0.13055,12200
0.13120,12250
0.13271,12300
0.13331,12350
0.13444,12400
0.13572,12450
0.13772,12500
0.13869,12550
0.13998,12600
0.14090,12650
0.14133,12700
0.14263,12750
0.14616,12800
0.14621,12850
0.14623,12900
0.14789,12950
0.14856,13000
0.14877,13050
0.15039,13100
0.15162,13150
0.15292,13200
0.15423,13250
0.15644,13300
0.15758,13350
0.15848,13400
0.15945,13450
0.16104,13500
0.16223,13550
0.16295,13600
0.16219,13650
0.16486,13700
0.16576,13750
0.16609,13800
0.16724,13850
0.16923,13900
0.17147,13950
0.17212,14000
0.17289,14050
0.17366,14100
0.17515,14150
0.17535,14200
0.17600,14250
0.18078,14300
0.17997,14350
0.18065,14400
0.18257,14450
0.18411,14500
0.18749,14550
0.18742,14600
0.18868,14650
0.18851,14700
0.18926,14750
0.19000,14800
0.19316,14850
0.19625,14900
0.19812,14950
0.19894,15000
0.19978,15050
0.19950,15100
0.20061,15150
0.20327,15200
0.20293,15250
0.20450,15300
0.20610,15350
0.21130,15400
0.21032,15450
0.21110,15500
0.21417,15550
0.21193,15600
0.21368,15650
0.21572,15700
0.21562,15750
0.22052,15800
0.22245,15850
0.22482,15900
0.22600,15950
0.22252,16000
0.22838,16050
0.22784,16100
0.23022,16150
0.23108,16200
0.23134,16250
0.23176,16300
0.23644,16350
0.23539,16400
0.23810,16450
0.24009,16500
0.24094,16550
0.24070,16600
0.24344,16650
0.24808,16700
0.24504,16750
0.24783,16800
0.24892,16850
0.24963,16900
0.25278,16950
0.25257,17000
0.25681,17050
0.25633,17100
0.25780,17150
0.26018,17200
0.26265,17250
0.26130,17300
0.26145,17350
0.26571,17400
0.26592,17450
0.27007,17500
0.27074,17550
0.27225,17600
0.27690,17650
0.27281,17700
0.27747,17750
0.28014,17800
0.27564,17850
0.28112,17900
0.28571,17950
0.28249,18000
0.28563,18050
0.28564,18100
0.29023,18150
0.29251,18200
0.29330,18250
0.29636,18300
0.29685,18350
0.29717,18400
0.29888,18450
0.30102,18500
0.30178,18550
0.30322,18600
0.30347,18650
0.30850,18700
0.30900,18750
0.30724,18800
0.31266,18850
0.31402,18900
0.31679,18950
0.31562,19000
0.32172,19050
0.32458,19100
0.32434,19150
0.32238,19200
0.32436,19250
0.32533,19300
0.32718,19350
0.33013,19400
0.32965,19450
0.33098,19500
0.33178,19550
0.33786,19600
0.33779,19650
0.34067,19700
0.34192,19750
0.34500,19800
0.34534,19850
0.34733,19900
0.34862,19950
0.35219,20000
0.35795,20050
0.35504,20100
0.35602,20150
0.35985,20200
0.36177,20250
0.36092,20300
0.36488,20350
0.36385,20400
0.36431,20450
0.36604,20500
0.36978,20550
0.37495,20600
0.37414,20650
0.37526,20700
0.38041,20750
0.37841,20800
0.38024,20850
0.38555,20900
0.38716,20950
0.38938,21000
0.39065,21050
0.38987,21100
0.38838,21150
0.39430,21200
0.39811,21250
0.39678,21300
0.39914,21350
0.40110,21400
0.40683,21450
0.40397,21500
0.40630,21550
0.41045,21600
0.41458,21650
0.41570,21700
0.41182,21750
0.41430,21800
0.41915,21850
0.41905,21900
0.42092,21950
0.42778,22000
0.42672,22050
0.42588,22100
0.42957,22150
0.43301,22200
0.43317,22250
0.43440,22300
0.44022,22350
0.44033,22400
0.44561,22450
0.43935,22500
0.44303,22550
0.45014,22600
0.44772,22650
0.45100,22700
0.45523,22750
0.45650,22800
0.45473,22850
0.46479,22900
0.46094,22950
0.46100,23000
0.47055,23050
0.46256,23100
0.47174,23150
0.47455,23200
0.47416,23250
0.47759,23300
0.47747,23350
0.48221,23400
0.48142,23450
0.48562,23500
0.48685,23550
0.48790,23600
0.49260,23650
0.49000,23700
0.49395,23750
0.50017,23800
0.49739,23850
0.49576,23900
0.50569,23950
0.50999,24000
0.50782,24050
0.50897,24100
0.51170,24150
0.51759,24200
0.51404,24250
0.51770,24300
0.52009,24350
0.52146,24400
0.52622,24450
0.52821,24500
0.53227,24550
0.52792,24600
0.52890,24650
0.53662,24700
0.53529,24750
0.53560,24800
0.54411,24850
0.53854,24900
0.54375,24950
0.55062,25000
0.55035,25050
0.55299,25100
0.55698,25150
0.55454,25200
0.56039,25250
0.56324,25300
0.56769,25350
0.56579,25400
0.57196,25450
0.56805,25500
0.57174,25550
0.57188,25600
0.57885,25650
0.57581,25700
0.58171,25750
0.58458,25800
0.58736,25850
0.58881,25900
0.58882,25950
0.59193,26000
0.59351,26050
0.59472,26100
0.59870,26150
0.60581,26200
0.60444,26250
0.60458,26300
0.60296,26350
0.60798,26400
0.60896,26450
0.61556,26500
0.61793,26550
0.62213,26600
0.61906,26650
0.62023,26700
0.62919,26750
0.63521,26800
0.63489,26850
0.63245,26900
0.64025,26950
0.64588,27000
0.64081,27050
0.64390,27100
0.64397,27150
0.64955,27200
0.65201,27250
0.66399,27300
0.65154,27350
0.66287,27400
0.65610,27450
0.66259,27500
0.66782,27550
0.66581,27600
0.67134,27650
0.66948,27700
0.67583,27750
0.67372,27800
0.71513,27850
0.68473,27900
0.68424,27950
0.69010,28000
0.69019,28050
0.69148,28100
0.69408,28150
0.69914,28200
0.69643,28250
0.70092,28300
0.70581,28350
0.70425,28400
0.70873,28450
0.71075,28500
0.71462,28550
0.71528,28600
0.72208,28650
0.72274,28700
0.72048,28750
0.73047,28800
0.73124,28850
0.72856,28900
0.73779,28950
0.73695,29000
0.74168,29050
0.74500,29100
0.74340,29150
0.75235,29200
0.75243,29250
0.75581,29300
0.75445,29350
0.75709,29400
0.76011,29450
0.76483,29500
0.76803,29550
0.76505,29600
0.76623,29650
0.77709,29700
0.77703,29750
0.77880,29800
0.78186,29850
0.78695,29900
0.78520,29950
0.78816,30000
0.79197,30050
0.79486,30100
0.79727,30150
0.79969,30200
0.80575,30250
0.80520,30300
0.81349,30350
0.81483,30400
0.81723,30450
0.82229,30500
0.82118,30550
0.82365,30600
0.82333,30650
0.83255,30700
0.83369,30750
0.83347,30800
0.83204,30850
0.83497,30900
0.84525,30950
0.83736,31000
0.85049,31050
0.84901,31100
0.84481,31150
0.85346,31200
0.85388,31250
0.87033,31300
0.87275,31350
0.86330,31400
0.86715,31450
0.87285,31500
0.87242,31550
0.87925,31600
0.88002,31650
0.88826,31700
0.88344,31750
0.88314,31800
0.90553,31850
0.89133,31900
0.89812,31950
0.89735,32000
0.89938,32050
0.90277,32100
0.90701,32150
0.90870,32200
0.90871,32250
0.91387,32300
0.91486,32350
0.92212,32400
0.92337,32450
0.92670,32500
0.92918,32550
0.92711,32600
0.93533,32650
0.93118,32700
0.94015,32750
0.94104,32800
0.94536,32850
0.95591,32900
0.95062,32950
0.95240,33000
0.95728,33050
0.95922,33100
0.96810,33150
0.96659,33200
0.97454,33250
0.96928,33300
0.97849,33350
0.97811,33400
0.98119,33450
0.98390,33500
0.98805,33550
0.99619,33600
1.00105,33650
0.99008,33700
0.99256,33750
1.00233,33800
0.99611,33850
1.01020,33900
1.00181,33950
1.00427,34000
1.01484,34050
1.01866,34100
1.02924,34150
1.02742,34200
1.02988,34250
1.03152,34300
1.03235,34350
1.04205,34400
1.04978,34450
1.03978,34500
1.04820,34550
1.04786,34600
1.04950,34650
1.05981,34700
1.05392,34750
1.05721,34800
1.07069,34850
1.06815,34900
1.07402,34950
1.08138,35000
1.08415,35050
1.08248,35100
1.08331,35150
1.08050,35200
1.08800,35250
1.09594,35300
1.09184,35350
1.09396,35400
1.10000,35450
1.10550,35500
1.10520,35550
1.13504,35600
1.13973,35650
1.11916,35700
1.12115,35750
1.12713,35800
1.12674,35850
1.12574,35900
1.13604,35950
1.14272,36000
1.14237,36050
1.14361,36100
1.14816,36150
1.15094,36200
1.14980,36250
1.16641,36300
1.15439,36350
1.16999,36400
1.17218,36450
1.16230,36500
1.16836,36550
1.17659,36600
1.18299,36650
1.20368,36700
1.18781,36750
1.18865,36800
1.18762,36850
1.19580,36900
1.19712,36950
1.19565,37000
1.20535,37050
1.21325,37100
1.21307,37150
1.20967,37200
1.21830,37250
1.21954,37300
1.22790,37350
1.23403,37400
1.23341,37450
1.23400,37500
1.23409,37550
1.23616,37600
1.23652,37650
1.25421,37700
1.25227,37750
1.25952,37800
1.26296,37850
1.25825,37900
1.26112,37950
1.26730,38000
1.27017,38050
1.28118,38100
1.27734,38150
1.28177,38200
1.29307,38250
1.30218,38300
1.29147,38350
1.29952,38400
1.29892,38450
1.30072,38500
1.30471,38550
1.30848,38600
1.30847,38650
1.31994,38700
1.35379,38750
1.31215,38800
1.32935,38850
1.32205,38900
1.33275,38950
1.33577,39000
1.33792,39050
1.34412,39100
1.34570,39150
1.34853,39200
1.34558,39250
1.35800,39300
1.36153,39350
1.35680,39400
1.36343,39450
1.36693,39500
1.38022,39550
1.38333,39600
1.39412,39650
1.37528,39700
1.38481,39750
1.38412,39800
1.39138,39850
1.39660,39900
1.40829,39950
1.42536,40000
1.40943,40050
1.41082,40100
1.42276,40150
1.42243,40200
1.42239,40250
1.45942,40300
1.43468,40350
1.42672,40400
1.44429,40450
1.43942,40500
1.44830,40550
1.43983,40600
1.45663,40650
1.46132,40700
1.45956,40750
1.45978,40800
1.47615,40850
1.47007,40900
1.48070,40950
1.47416,41000
1.48680,41050
1.48790,41100
1.48781,41150
1.49282,41200
1.48858,41250
1.48965,41300
1.50283,41350
1.50515,41400
1.50693,41450
1.52176,41500
1.51936,41550
1.51413,41600
1.52473,41650
1.52580,41700
1.53486,41750
1.53811,41800
1.53947,41850
1.53339,41900
1.54968,41950
1.55378,42000
1.54968,42050
1.55933,42100
1.56712,42150
1.55757,42200
1.56027,42250
1.56953,42300
1.56972,42350
1.58565,42400
1.58150,42450
1.58499,42500
1.58789,42550
1.59391,42600
1.59295,42650
1.60478,42700
1.61244,42750
1.60881,42800
1.61681,42850
1.61716,42900
1.62717,42950
1.62463,43000
1.62793,43050
1.63047,43100
1.64115,43150
1.63950,43200
1.63794,43250
1.64257,43300
1.65186,43350
1.65039,43400
1.65234,43450
1.65255,43500
1.66784,43550
1.66092,43600
1.66842,43650
1.67918,43700
1.68961,43750
1.68917,43800
1.68673,43850
1.69516,43900
1.69460,43950
1.70030,44000
1.69757,44050
1.70584,44100
1.71473,44150
1.70332,44200
1.72008,44250
1.72769,44300
1.72274,44350
1.73245,44400
1.73205,44450
1.74278,44500
1.78027,44550
1.74138,44600
1.75294,44650
1.76545,44700
1.75531,44750
1.75799,44800
1.75481,44850
1.77792,44900
1.78637,44950
1.78293,45000
1.79162,45050
1.77825,45100
1.79266,45150
1.80974,45200
1.79117,45250
1.80133,45300
1.80178,45350
1.80364,45400
1.81462,45450
1.82108,45500
1.81518,45550
1.82385,45600
1.83289,45650
1.83163,45700
1.83994,45750
1.84697,45800
1.83678,45850
1.84286,45900
1.85479,45950
1.85821,46000
1.84825,46050
1.87169,46100
1.86994,46150
1.87804,46200
1.87247,46250
1.89237,46300
1.87680,46350
1.88811,46400
1.89041,46450
1.88835,46500
1.91172,46550
1.91707,46600
1.90847,46650
1.90461,46700
1.91528,46750
1.92411,46800
1.94524,46850
1.93037,46900
1.93490,46950
1.93559,47000
1.94687,47050
1.96202,47100
1.95168,47150
1.97383,47200
1.95808,47250
1.96715,47300
1.97651,47350
1.96874,47400
1.97486,47450
1.97062,47500
1.98143,47550
1.99822,47600
1.98879,47650
2.00068,47700
2.00356,47750
2.01116,47800
2.01906,47850
1.99894,47900
2.02066,47950
2.01737,48000
2.02899,48050
2.02971,48100
2.02653,48150
2.04582,48200
2.04050,48250
2.04496,48300
2.05005,48350
2.04956,48400
2.05443,48450
2.06876,48500
2.06757,48550
2.07833,48600
2.07025,48650
2.08162,48700
2.08765,48750
2.09463,48800
2.09139,48850
2.09078,48900
2.10722,48950
2.10591,49000
2.10266,49050
2.11302,49100
2.12642,49150
2.12759,49200
2.12904,49250
2.14116,49300
2.16993,49350
2.13518,49400
2.15278,49450
2.16410,49500
2.16159,49550
2.17008,49600
2.16093,49650
2.16188,49700
2.16680,49750
2.16622,49800
2.19112,49850
2.17827,49900
2.18888,49950
2.19371,50000
2.21391,50050
2.20645,50100
2.22403,50150
2.21074,50200
2.22843,50250
2.21225,50300
2.22983,50350
2.22427,50400
2.23116,50450
2.23756,50500
2.24424,50550
2.25781,50600
2.25123,50650
2.24660,50700
2.24925,50750
2.26835,50800
2.26695,50850
2.27719,50900
2.27223,50950
2.26523,51000
2.28656,51050
2.29868,51100
2.29256,51150
2.30160,51200
2.30566,51250
2.30927,51300
2.32361,51350
2.31646,51400
2.31439,51450
2.33351,51500
2.32870,51550
2.34895,51600
2.33453,51650
2.34418,51700
2.35623,51750
2.35117,51800
2.36879,51850
2.36991,51900
2.37089,51950
2.37448,52000
2.38347,52050
2.38391,52100
2.39606,52150
2.38110,52200
2.39977,52250
2.40204,52300
2.39931,52350
2.40263,52400
2.41520,52450
2.41143,52500
2.42961,52550
2.42985,52600
2.43628,52650
2.43418,52700
2.44185,52750
2.45620,52800
2.45933,52850
2.45275,52900
2.45488,52950
2.46441,53000
2.46360,53050
2.47142,53100
2.47440,53150
2.46593,53200
2.47815,53250
2.49225,53300
2.51260,53350
2.51134,53400
2.49924,53450
2.50566,53500
2.52358,53550
2.52161,53600
2.53473,53650
2.53292,53700
2.53601,53750
2.54332,53800
2.54420,53850
2.53462,53900
2.56101,53950
2.56752,54000
2.54811,54050
2.56064,54100
2.58543,54150
2.57840,54200
2.58011,54250
2.58870,54300
2.61806,54350
2.58665,54400
2.64882,54450
2.59683,54500
2.61197,54550
2.61089,54600
2.62649,54650
2.63575,54700
2.62437,54750
2.62772,54800
2.64243,54850
2.63659,54900
2.63600,54950
2.65520,55000
2.66492,55050
2.65600,55100
2.65556,55150
2.67051,55200
2.65835,55250
2.69643,55300
2.67205,55350
2.75584,55400
2.70045,55450
2.68482,55500
2.70876,55550
2.70816,55600
2.71412,55650
2.72918,55700
2.72494,55750
2.73302,55800
2.72650,55850
2.74679,55900
2.74782,55950
2.75783,56000
2.76147,56050
2.76112,56100
2.76461,56150
2.77083,56200
2.77645,56250
2.78485,56300
2.78367,56350
2.78891,56400
2.78534,56450
2.79971,56500
2.81082,56550
2.80597,56600
2.82121,56650
2.81933,56700
2.83113,56750
2.82432,56800
2.84508,56850
2.83744,56900
2.86766,56950
2.85640,57000
2.85736,57050
2.85482,57100
2.85456,57150
2.87216,57200
2.88315,57250
2.87812,57300
2.87961,57350
2.88764,57400
2.90688,57450
2.93506,57500
2.91400,57550
2.91261,57600
2.90890,57650
2.93592,57700
2.92808,57750
2.92693,57800
2.93741,57850
2.94598,57900
2.95191,57950
2.95569,58000
2.95814,58050
2.95592,58100
2.98224,58150
2.95650,58200
2.97139,58250
2.98547,58300
2.99038,58350
2.97535,58400
2.99022,58450
2.99071,58500
3.02199,58550
3.02090,58600
3.00111,58650
3.03289,58700
3.03811,58750
3.03321,58800
3.03240,58850
3.03496,58900
3.05449,58950
3.06563,59000
3.05785,59050
3.07466,59100
3.07043,59150
3.08542,59200
3.06538,59250
3.07528,59300
3.10099,59350
3.10200,59400
3.10068,59450
3.12325,59500
3.09944,59550
3.12197,59600
3.12977,59650
3.12866,59700
3.14843,59750
3.13920,59800
3.12485,59850
3.18214,59900
3.16366,59950
3.14682,60000
3.16836,60050
3.16949,60100
3.18245,60150
3.22743,60200
3.17937,60250
3.19034,60300
3.18558,60350
3.19167,60400
3.19339,60450
3.20357,60500
3.20795,60550
3.21575,60600
3.21497,60650
3.24752,60700
3.24064,60750
3.25636,60800
3.25042,60850
3.24889,60900
3.25075,60950
3.25592,61000
3.27203,61050
3.27044,61100
3.31612,61150
3.28595,61200
3.29674,61250
3.30156,61300
3.30797,61350
3.29800,61400
3.31923,61450
3.32668,61500
3.32032,61550
3.35067,61600
3.33809,61650
3.34682,61700
3.36784,61750
3.34464,61800
3.36149,61850
3.37603,61900
3.36580,61950
3.36685,62000
3.37491,62050
3.37961,62100
3.37893,62150
3.39184,62200
3.38814,62250
3.40328,62300
3.40667,62350
3.43226,62400
3.41488,62450
3.43815,62500
3.45824,62550
3.43513,62600
3.45695,62650
3.46449,62700
3.53178,62750
3.46275,62800
3.46916,62850
