0.00000,0
0.00001,50
0.00002,100
0.00002,150
0.00003,200
0.00004,250
0.00006,300
0.00006,350
0.00007,400
0.00008,450
0.00009,500
0.00011,550
0.00012,600
0.00013,650
0.00014,700
0.00016,750
0.00016,800
0.00017,850
0.00018,900
0.00019,950
0.00020,1000
0.00022,1050
0.00022,1100
0.00023,1150
0.00026,1200
0.00027,1250
0.00027,1300
0.00028,1350
0.00030,1400
0.00031,1450
0.00033,1500
0.00033,1550
0.00036,1600
0.00045,1650
0.00037,1700
0.00039,1750
0.00041,1800
0.00041,1850
0.00043,1900
0.00043,1950
0.00046,2000
0.00046,2050
0.00049,2100
0.00049,2150
0.00049,2200
0.00053,2250
0.00052,2300
0.00055,2350
0.00056,2400
0.00058,2450
0.00060,2500
0.00060,2550
0.00060,2600
0.00062,2650
0.00063,2700
0.00065,2750
0.00067,2800
0.00068,2850
0.00069,2900
0.00071,2950
0.00072,3000
0.00072,3050
0.00073,3100
0.00075,3150
0.00077,3200
0.00079,3250
0.00078,3300
0.00081,3350
0.00084,3400
0.00086,3450
0.00085,3500
0.00088,3550
0.00088,3600
0.00089,3650
0.00090,3700
0.00094,3750
0.00092,3800
0.00094,3850
0.00095,3900
0.00097,3950
0.00099,4000
0.00099,4050
0.00100,4100
0.00102,4150
0.00105,4200
0.00109,4250
0.00111,4300
0.00110,4350
0.00112,4400
0.00111,4450
0.00113,4500
0.00116,4550
0.00114,4600
0.00117,4650
0.00118,4700
0.00122,4750
0.00123,4800
0.00124,4850
0.00126,4900
0.00125,4950
0.00131,5000
0.00132,5050
0.00134,5100
0.00133,5150
0.00132,5200
0.00138,5250
0.00140,5300
0.00137,5350
0.00140,5400
0.00140,5450
0.00141,5500
0.00146,5550
0.00144,5600
0.00146,5650
0.00151,5700
0.00152,5750
0.00154,5800
0.00152,5850
0.00156,5900
0.00157,5950
0.00156,6000
0.00158,6050
0.00158,6100
0.00160,6150
0.00161,6200
0.00167,6250
0.00169,6300
0.00171,6350
0.00171,6400
0.00170,6450
0.00173,6500
0.00177,6550
0.00175,6600
0.00175,6650
0.00177,6700
0.00176,6750
0.00178,6800
0.00180,6850
0.00181,6900
0.00184,6950
0.00190,7000
0.00189,7050
0.00190,7100
0.00190,7150
0.00192,7200
0.00206,7250
0.00194,7300
0.00200,7350
0.00202,7400
0.00205,7450
0.00201,7500
0.00208,7550
0.00209,7600
0.00211,7650
0.00207,7700
0.00210,7750
0.00210,7800
0.00211,7850
0.00213,7900
0.00218,7950
0.00220,8000
0.00223,8050
0.00219,8100
0.00221,8150
0.00220,8200
0.00222,8250
0.00224,8300
0.00233,8350
0.00234,8400
0.00233,8450
0.00238,8500
0.00234,8550
0.00243,8600
0.00239,8650
0.00239,8700
0.00243,8750
0.00249,8800
0.00251,8850
0.00251,8900
0.00254,8950
0.00251,9000
0.00252,9050
0.00259,9100
0.00266,9150
0.00256,9200
0.00258,9250
0.00262,9300
0.00266,9350
0.00267,9400
0.00267,9450
0.00271,9500
0.00266,9550
0.00269,9600
0.00271,9650
0.00274,9700
0.00275,9750
0.00277,9800
0.00274,9850
0.00279,9900
0.00280,9950
0.00281,10000
0.00287,10050
0.00284,10100
0.00288,10150
0.00293,10200
0.00292,10250
0.00287,10300
0.00298,10350
0.00299,10400
0.00301,10450
0.00298,10500
0.00297,10550
0.00302,10600
0.00302,10650
0.00304,10700
0.00303,10750
0.00304,10800
0.00305,10850
0.00327,10900
0.00317,10950
0.00315,11000
0.00314,11050
0.00324,11100
0.00317,11150
0.00319,11200
0.00327,11250
0.00327,11300
0.00326,11350
0.00325,11400
0.00325,11450
0.00336,11500
0.00330,11550
0.00339,11600
0.00341,11650
0.00342,11700
0.00345,11750
0.00347,11800
0.00340,11850
0.00340,11900
0.00351,11950
0.00353,12000
0.00349,12050
0.00347,12100
0.00346,12150
0.00356,12200
0.00356,12250
0.00364,12300
0.00363,12350
0.00356,12400
0.00358,12450
0.00368,12500
0.00371,12550
0.00368,12600
0.00367,12650
0.00365,12700
0.00381,12750
0.00372,12800
0.00381,12850
0.00385,12900
0.00379,12950
0.00383,13000
0.00380,13050
0.00394,13100
0.00396,13150
0.00391,13200
0.00390,13250
0.00393,13300
0.00391,13350
0.00389,13400
0.00394,13450
0.00403,13500
0.00402,13550
0.00426,13600
0.00412,13650
0.00410,13700
0.00412,13750
0.00411,13800
0.00416,13850
0.00415,13900
0.00418,13950
0.00415,14000
0.00419,14050
0.00423,14100
0.00413,14150
0.00413,14200
0.00424,14250
0.00418,14300
0.00417,14350
0.00417,14400
0.00431,14450
0.00439,14500
0.00431,14550
0.00433,14600
0.00433,14650
0.00445,14700
0.00437,14750
0.00439,14800
0.00447,14850
0.00446,14900
0.00443,14950
0.00455,15000
0.00447,15050
0.00475,15100
0.00459,15150
0.00451,15200
0.00450,15250
0.00452,15300
0.00482,15350
0.00459,15400
0.00471,15450
0.00475,15500
0.00480,15550
0.00474,15600
0.00479,15650
0.00481,15700
0.00472,15750
0.00482,15800
0.00480,15850
0.00496,15900
0.00488,15950
0.00487,16000
0.00485,16050
0.00490,16100
0.00489,16150
0.00496,16200
0.00490,16250
0.00507,16300
0.00524,16350
0.00492,16400
0.00495,16450
0.00501,16500
0.00510,16550
0.00503,16600
0.00502,16650
0.00507,16700
0.00677,16750
0.00505,16800
0.00513,16850
0.00519,16900
0.00540,16950
0.00522,17000
0.00521,17050
0.00523,17100
0.00534,17150
0.00524,17200
0.00538,17250
0.00537,17300
0.00536,17350
0.00531,17400
0.00532,17450
0.00529,17500
0.00535,17550
0.00541,17600
0.00538,17650
0.00559,17700
0.00578,17750
0.00555,17800
0.00557,17850
0.00553,17900
0.00559,17950
0.00560,18000
0.00566,18050
0.00577,18100
0.00551,18150
0.00559,18200
0.00568,18250
0.00560,18300
0.00581,18350
0.00573,18400
0.00566,18450
0.00576,18500
0.00581,18550
0.00573,18600
0.00578,18650
0.00581,18700
0.00589,18750
0.00589,18800
0.00602,18850
0.00592,18900
0.00583,18950
0.00585,19000
0.00579,19050
0.00615,19100
0.00598,19150
0.00588,19200
0.00594,19250
0.00598,19300
0.00611,19350
0.00607,19400
0.00600,19450
0.00635,19500
0.00615,19550
0.00612,19600
0.00607,19650
0.00639,19700
0.00625,19750
0.00627,19800
0.00624,19850
0.00618,19900
0.00618,19950
0.00615,20000
0.00620,20050
0.00632,20100
0.00634,20150
0.00649,20200
0.00636,20250
0.00639,20300
0.00645,20350
0.00636,20400
0.00641,20450
0.00640,20500
0.00659,20550
0.00664,20600
0.00635,20650
0.00651,20700
0.00640,20750
0.00650,20800
0.00663,20850
0.00656,20900
0.00658,20950
0.00667,21000
0.00662,21050
0.00667,21100
0.00671,21150
0.00669,21200
0.00665,21250
0.00684,21300
0.00675,21350
0.00672,21400
0.00667,21450
0.00683,21500
0.00677,21550
0.00682,21600
0.00679,21650
0.00691,21700
0.00680,21750
0.00696,21800
0.00697,21850
0.00697,21900
0.00703,21950
0.00702,22000
0.00700,22050
0.00705,22100
0.00705,22150
0.00709,22200
0.00718,22250
0.00717,22300
0.00720,22350
0.00717,22400
0.00704,22450
0.00721,22500
0.00714,22550
0.00726,22600
0.00724,22650
0.00728,22700
0.00725,22750
0.00717,22800
0.00731,22850
0.00733,22900
0.00734,22950
0.00739,23000
0.00735,23050
0.00765,23100
0.00738,23150
0.00744,23200
0.00747,23250
0.00754,23300
0.00754,23350
0.00759,23400
0.00752,23450
0.00755,23500
0.00756,23550
0.00763,23600
0.00772,23650
0.00773,23700
0.00772,23750
0.00769,23800
0.00771,23850
0.00773,23900
0.00769,23950
0.00769,24000
0.00789,24050
0.00777,24100
0.00780,24150
0.00779,24200
0.00765,24250
0.00783,24300
0.00795,24350
0.00781,24400
0.00786,24450
0.00792,24500
0.00782,24550
0.00807,24600
0.00792,24650
0.00792,24700
0.00804,24750
0.00798,24800
0.00797,24850
0.00810,24900
0.00811,24950
0.00808,25000
0.00809,25050
0.00817,25100
0.00810,25150
0.00801,25200
0.00816,25250
0.00817,25300
0.00820,25350
0.00810,25400
0.00821,25450
0.00825,25500
0.00825,25550
0.00824,25600
0.00832,25650
0.00833,25700
0.00843,25750
0.00865,25800
0.00870,25850
0.00846,25900
0.00831,25950
0.00849,26000
0.00842,26050
0.00848,26100
0.00856,26150
0.00850,26200
0.00859,26250
0.00860,26300
0.00857,26350
0.00856,26400
0.00880,26450
0.00869,26500
0.00862,26550
0.00864,26600
0.00889,26650
0.00876,26700
0.00877,26750
0.00876,26800
0.00878,26850
0.00876,26900
0.00885,26950
0.00886,27000
0.00887,27050
0.00893,27100
0.00893,27150
0.00891,27200
0.00894,27250
0.00898,27300
0.00910,27350
0.00895,27400
0.00916,27450
0.00895,27500
0.00911,27550
0.00901,27600
0.00908,27650
0.00914,27700
0.00911,27750
0.00912,27800
0.00918,27850
0.00912,27900
0.00919,27950
0.00916,28000
0.00926,28050
0.00926,28100
0.00929,28150
0.00951,28200
0.00929,28250
0.00931,28300
0.00937,28350
0.00937,28400
0.00934,28450
0.00933,28500
0.00941,28550
0.00939,28600
0.00940,28650
0.00958,28700
0.00946,28750
0.00945,28800
0.00975,28850
0.00948,28900
0.00957,28950
0.00954,29000
0.00940,29050
0.00960,29100
0.00965,29150
0.00963,29200
0.00963,29250
0.00973,29300
0.00966,29350
0.00968,29400
0.00971,29450
0.01000,29500
0.00979,29550
0.00978,29600
0.01012,29650
0.00983,29700
0.00993,29750
0.00988,29800
0.00992,29850
0.01020,29900
0.00989,29950
0.00996,30000
0.01001,30050
0.00994,30100
0.01003,30150
0.01002,30200
0.01008,30250
0.01012,30300
0.01003,30350
0.01015,30400
0.01015,30450
0.01018,30500
0.01022,30550
0.01056,30600
0.01038,30650
0.01023,30700
0.01020,30750
0.01023,30800
0.01034,30850
0.01029,30900
0.01033,30950
0.01029,31000
0.01041,31050
0.01047,31100
0.01048,31150
0.01044,31200
0.01051,31250
0.01052,31300
0.01041,31350
0.01059,31400
0.01056,31450
0.01085,31500
0.01090,31550
0.01064,31600
0.01089,31650
0.01066,31700
0.01077,31750
0.01075,31800
0.01098,31850
0.01085,31900
0.01076,31950
0.01077,32000
0.01101,32050
0.01081,32100
0.01081,32150
0.01081,32200
0.01085,32250
0.01102,32300
0.01086,32350
0.01080,32400
0.01092,32450
0.01083,32500
0.01091,32550
0.01091,32600
0.01095,32650
0.01115,32700
0.01092,32750
0.01098,32800
0.01125,32850
0.01135,32900
0.01101,32950
0.01100,33000
0.01111,33050
0.01107,33100
0.01123,33150
0.01113,33200
0.01158,33250
0.01146,33300
0.01123,33350
0.01126,33400
0.01131,33450
0.01133,33500
0.01133,33550
0.01131,33600
0.01138,33650
0.01142,33700
0.01133,33750
0.01183,33800
0.01144,33850
0.01143,33900
0.01160,33950
0.01177,34000
0.01140,34050
0.01152,34100
0.01159,34150
0.01189,34200
0.01158,34250
0.01166,34300
0.01169,34350
0.01166,34400
0.01168,34450
0.01168,34500
0.01171,34550
0.01180,34600
0.01177,34650
0.01172,34700
0.01178,34750
0.01173,34800
0.01175,34850
0.01199,34900
0.01238,34950
0.01192,35000
0.01194,35050
0.01191,35100
0.01239,35150
0.01192,35200
0.01214,35250
0.01212,35300
0.01202,35350
0.01192,35400
0.01215,35450
0.01216,35500
0.01216,35550
0.01217,35600
0.01219,35650
0.01223,35700
0.01252,35750
0.01219,35800
0.01253,35850
0.01253,35900
0.01222,35950
0.01235,36000
0.01226,36050
0.01241,36100
0.01239,36150
0.01244,36200
0.01243,36250
0.01244,36300
0.01235,36350
0.01248,36400
0.01282,36450
0.01243,36500
0.01244,36550
0.01251,36600
0.01244,36650
0.01254,36700
0.01260,36750
0.01258,36800
0.01260,36850
0.01265,36900
0.01257,36950
0.01324,37000
0.01268,37050
0.01265,37100
0.01272,37150
0.01281,37200
0.01269,37250
0.01279,37300
0.01276,37350
0.01279,37400
0.01282,37450
0.01278,37500
0.01293,37550
0.01288,37600
0.01289,37650
0.01293,37700
0.01330,37750
0.01318,37800
0.01298,37850
0.01283,37900
0.01294,37950
0.01313,38000
0.01311,38050
0.01324,38100
0.01336,38150
0.01315,38200
0.01358,38250
0.01348,38300
0.01355,38350
0.01320,38400
0.01327,38450
0.01333,38500
0.01335,38550
0.01332,38600
0.01335,38650
0.01369,38700
0.01362,38750
0.01341,38800
0.01340,38850
0.01343,38900
0.01346,38950
0.01368,39000
0.01350,39050
0.01380,39100
0.01348,39150
0.01358,39200
0.01355,39250
0.01349,39300
0.01387,39350
0.01398,39400
0.01362,39450
0.01366,39500
0.01361,39550
0.01387,39600
0.01370,39650
0.01373,39700
0.01409,39750
0.01380,39800
0.01438,39850
0.01394,39900
0.01368,39950
0.01397,40000
0.01387,40050
0.01388,40100
0.01388,40150
0.01465,40200
0.01390,40250
0.01393,40300
0.01402,40350
0.01437,40400
0.01401,40450
0.01405,40500
0.01427,40550
0.01399,40600
0.01437,40650
0.01452,40700
0.01418,40750
0.01467,40800
0.01434,40850
0.01416,40900
0.01446,40950
0.01460,41000
0.01434,41050
0.01403,41100
0.01405,41150
0.01429,41200
0.01484,41250
0.01435,41300
0.01428,41350
0.01451,41400
0.01437,41450
0.01564,41500
0.01462,41550
0.01443,41600
0.01463,41650
0.01449,41700
0.01449,41750
0.01449,41800
0.01454,41850
0.01451,41900
0.01476,41950
0.01480,42000
0.01463,42050
0.01507,42100
0.01465,42150
0.01469,42200
0.01539,42250
0.01482,42300
0.01479,42350
0.01521,42400
0.01512,42450
0.01476,42500
0.01526,42550
0.01493,42600
0.01527,42650
0.01486,42700
0.01489,42750
0.01547,42800
0.01493,42850
0.01491,42900
0.01496,42950
0.01537,43000
0.01509,43050
0.01499,43100
0.01542,43150
0.01551,43200
0.01513,43250
0.01509,43300
0.01560,43350
0.01531,43400
0.01517,43450
0.01527,43500
0.01571,43550
0.01523,43600
0.01574,43650
0.01564,43700
0.01541,43750
0.01551,43800
0.01570,43850
0.01560,43900
0.01536,43950
0.01539,44000
0.01550,44050
0.01598,44100
0.01550,44150
0.01557,44200
0.01587,44250
0.01550,44300
0.01598,44350
0.01596,44400
0.01572,44450
0.01566,44500
0.01616,44550
0.01572,44600
0.01556,44650
0.01604,44700
0.01574,44750
0.01580,44800
0.01617,44850
0.01587,44900
0.01589,44950
0.01588,45000
0.01579,45050
0.01621,45100
0.01632,45150
0.01598,45200
0.01595,45250
0.01597,45300
0.01604,45350
0.01593,45400
0.01640,45450
0.01603,45500
0.01643,45550
0.01605,45600
0.01648,45650
0.01601,45700
0.01655,45750
0.01622,45800
0.01616,45850
0.01623,45900
0.01668,45950
0.01632,46000
0.01624,46050
0.01627,46100
0.01628,46150
0.01671,46200
0.01617,46250
0.01623,46300
0.01670,46350
0.01690,46400
0.01683,46450
0.01683,46500
0.01645,46550
0.01644,46600
0.01651,46650
0.01649,46700
0.01698,46750
0.01660,46800
0.01699,46850
0.01695,46900
0.01663,46950
0.01709,47000
0.01644,47050
0.01663,47100
0.01662,47150
0.01702,47200
0.01703,47250
0.01666,47300
0.01714,47350
0.01692,47400
0.01673,47450
0.01727,47500
0.01705,47550
0.01727,47600
0.01719,47650
0.01741,47700
0.01700,47750
0.01692,47800
0.01738,47850
0.01698,47900
0.01714,47950
0.01746,48000
0.01688,48050
0.01742,48100
0.01711,48150
0.01712,48200
0.01751,48250
0.01706,48300
0.01758,48350
0.01713,48400
0.01763,48450
0.01724,48500
0.01754,48550
0.01762,48600
0.01752,48650
0.01725,48700
0.01773,48750
0.01765,48800
0.01717,48850
0.01731,48900
0.01742,48950
0.01732,49000
0.01780,49050
0.01731,49100
0.01736,49150
0.01778,49200
0.01734,49250
0.01772,49300
0.01789,49350
0.01755,49400
0.01759,49450
0.01752,49500
0.01796,49550
0.01781,49600
0.01760,49650
0.01751,49700
0.01748,49750
0.01767,49800
0.01823,49850
0.01777,49900
0.01776,49950
0.01821,50000
0.01764,50050
0.01801,50100
0.01820,50150
0.01829,50200
0.01803,50250
0.01825,50300
0.01798,50350
0.01794,50400
0.01819,50450
0.01831,50500
0.01787,50550
0.01876,50600
0.01851,50650
0.01793,50700
0.01842,50750
0.01808,50800
0.01859,50850
0.01854,50900
0.01864,50950
0.01813,51000
0.01817,51050
0.01863,51100
0.01852,51150
0.01874,51200
0.01861,51250
0.01807,51300
0.01832,51350
0.01867,51400
0.01842,51450
0.01838,51500
0.01845,51550
0.01896,51600
0.01842,51650
0.01841,51700
0.01889,51750
0.01895,51800
0.01886,51850
0.01846,51900
0.01857,51950
0.01872,52000
0.01878,52050
0.01896,52100
0.01904,52150
0.01901,52200
0.01866,52250
0.01865,52300
0.01864,52350
0.01868,52400
0.01872,52450
0.01927,52500
0.01918,52550
0.01937,52600
0.01934,52650
0.01915,52700
0.01920,52750
0.01935,52800
0.01938,52850
0.01867,52900
0.01878,52950
0.01944,53000
0.01933,53050
0.01896,53100
0.01901,53150
0.01934,53200
0.01930,53250
0.01914,53300
0.01945,53350
0.01934,53400
0.01917,53450
0.01929,53500
0.01955,53550
0.01942,53600
0.01919,53650
0.01929,53700
0.01935,53750
0.01934,53800
0.01933,53850
0.01930,53900
0.02020,53950
0.01930,54000
0.01970,54050
0.01949,54100
0.01993,54150
0.01949,54200
0.01948,54250
0.02002,54300
0.01982,54350
0.01959,54400
0.01997,54450
0.01964,54500
0.02026,54550
0.02010,54600
0.01971,54650
0.01974,54700
0.01975,54750
0.01983,54800
0.02012,54850
0.01972,54900
0.02017,54950
0.01989,55000
0.02011,55050
0.02039,55100
0.01975,55150
0.02042,55200
0.01992,55250
0.01985,55300
0.01993,55350
0.02050,55400
0.02040,55450
0.02034,55500
0.02043,55550
0.01998,55600
0.02004,55650
0.02021,55700
0.02061,55750
0.02025,55800
0.02041,55850
0.02020,55900
0.02050,55950
0.02654,56000
0.02024,56050
0.02025,56100
0.02023,56150
0.02075,56200
0.02065,56250
0.02082,56300
0.02077,56350
0.02067,56400
0.02063,56450
0.02036,56500
0.02078,56550
0.02063,56600
0.02098,56650
0.02088,56700
0.02037,56750
0.02064,56800
0.02077,56850
0.02047,56900
0.02053,56950
0.02052,57000
0.02046,57050
0.02100,57100
0.02057,57150
0.02041,57200
0.02063,57250
0.02058,57300
0.02098,57350
0.02188,57400
0.02137,57450
0.02098,57500
0.02070,57550
0.02077,57600
0.02129,57650
0.02111,57700
0.02077,57750
0.02159,57800
0.02084,57850
0.02162,57900
0.02136,57950
0.02099,58000
0.02091,58050
0.02151,58100
0.02141,58150
0.02174,58200
0.02113,58250
0.02101,58300
0.02160,58350
0.02124,58400
0.02104,58450
0.02151,58500
0.02180,58550
0.02118,58600
0.02128,58650
0.02127,58700
0.02128,58750
0.02152,58800
0.02170,58850
0.02171,58900
0.02186,58950
0.02177,59000
0.02176,59050
0.02185,59100
0.02136,59150
0.02202,59200
0.02200,59250
0.02166,59300
0.02180,59350
0.02155,59400
0.02151,59450
0.02157,59500
0.02189,59550
0.02224,59600
0.02207,59650
0.02169,59700
0.02162,59750
0.02232,59800
0.02179,59850
0.02178,59900
0.02232,59950
0.02182,60000
0.02247,60050
0.02226,60100
0.02299,60150
0.02185,60200
0.02217,60250
0.02193,60300
0.02194,60350
0.02255,60400
0.02198,60450
0.02233,60500
0.02200,60550
0.02246,60600
0.02217,60650
0.02244,60700
0.02235,60750
0.02228,60800
0.02262,60850
0.02222,60900
0.02224,60950
0.02229,61000
0.02268,61050
0.02221,61100
0.02239,61150
0.02228,61200
0.02257,61250
0.02311,61300
0.02257,61350
0.02241,61400
0.02288,61450
0.02257,61500
0.02246,61550
0.02254,61600
0.02241,61650
0.02258,61700
0.02267,61750
0.02295,61800
0.02284,61850
0.02268,61900
0.02309,61950
0.02278,62000
0.02300,62050
0.02265,62100
0.02277,62150
0.02321,62200
0.02336,62250
0.02325,62300
0.02304,62350
0.02335,62400
0.02286,62450
0.02333,62500
0.02342,62550
0.02367,62600
0.02348,62650
0.02329,62700
0.02303,62750
0.02305,62800
0.02373,62850
0.02344,62900
0.02311,62950
0.02354,63000
0.02313,63050
0.02382,63100
0.02314,63150
0.02371,63200
0.02311,63250
0.02324,63300
0.02353,63350
0.02405,63400
0.02320,63450
0.02355,63500
0.02364,63550
0.02323,63600
0.02364,63650
0.02363,63700
0.02364,63750
0.02357,63800
0.02360,63850
0.02366,63900
0.02402,63950
0.02412,64000
0.02365,64050
0.02347,64100
0.02345,64150
0.02349,64200
0.02428,64250
0.02393,64300
0.02408,64350
0.02410,64400
0.02408,64450
0.02473,64500
0.02417,64550
0.02390,64600
0.02435,64650
0.02417,64700
0.02365,64750
0.02380,64800
0.02379,64850
0.02379,64900
0.02442,64950
0.02433,65000
0.02389,65050
0.02441,65100
0.02432,65150
0.02386,65200
0.02404,65250
0.02440,65300
0.02384,65350
0.02402,65400
0.02397,65450
0.02435,65500
0.02402,65550
0.02425,65600
0.02469,65650
0.02444,65700
0.02402,65750
0.02443,65800
0.02403,65850
0.02408,65900
0.02475,65950
0.02428,66000
0.02417,66050
0.02475,66100
0.02431,66150
0.02474,66200
0.02504,66250
0.02438,66300
0.02447,66350
0.02495,66400
0.02481,66450
0.02442,66500
0.02520,66550
0.02501,66600
0.02447,66650
0.02506,66700
0.02501,66750
0.02530,66800
0.02509,66850
0.02464,66900
0.02468,66950
0.02526,67000
0.02479,67050
0.02476,67100
0.02487,67150
0.02501,67200
0.02553,67250
0.02530,67300
0.02483,67350
0.02492,67400
0.02541,67450
0.02578,67500
0.02529,67550
0.02519,67600
0.02517,67650
0.02503,67700
0.02502,67750
0.02553,67800
0.02536,67850
0.02546,67900
0.02586,67950
0.02518,68000
0.02504,68050
0.02606,68100
0.02573,68150
0.02580,68200
0.02573,68250
0.02553,68300
0.02497,68350
0.02539,68400
0.02547,68450
0.02545,68500
0.02546,68550
0.02600,68600
0.02551,68650
0.02583,68700
0.02554,68750
0.02560,68800
0.02611,68850
0.02611,68900
0.02560,68950
0.02565,69000
0.02648,69050
0.02604,69100
0.02570,69150
0.02566,69200
0.02602,69250
0.02577,69300
0.02579,69350
0.02609,69400
0.02584,69450
0.02579,69500
0.02632,69550
0.02586,69600
0.02632,69650
0.02619,69700
0.02582,69750
0.02583,69800
0.02654,69850
0.02672,69900
0.02598,69950
0.02607,70000
0.02602,70050
0.02681,70100
0.02658,70150
0.02629,70200
0.02618,70250
0.02660,70300
0.02672,70350
0.02684,70400
0.02637,70450
0.02681,70500
0.02700,70550
0.02660,70600
0.02647,70650
0.02639,70700
0.02630,70750
0.02666,70800
0.02635,70850
0.02640,70900
0.02707,70950
0.02686,71000
0.02709,71050
0.02647,71100
0.02706,71150
0.02722,71200
0.02724,71250
0.02724,71300
0.02778,71350
0.02674,71400
0.02746,71450
0.02677,71500
0.02673,71550
0.02752,71600
0.02675,71650
0.02633,71700
0.02734,71750
0.02748,71800
0.02677,71850
0.02676,71900
0.02733,71950
0.02711,72000
0.02741,72050
0.02720,72100
0.02739,72150
0.02754,72200
0.02700,72250
0.02695,72300
0.02720,72350
0.02713,72400
0.02736,72450
0.02710,72500
0.02792,72550
0.02750,72600
0.02732,72650
0.02714,72700
0.02725,72750
0.02752,72800
0.02719,72850
0.02723,72900
0.02808,72950
0.02755,73000
0.02783,73050
0.02810,73100
0.02787,73150
0.02723,73200
0.02725,73250
0.02773,73300
0.02742,73350
0.02736,73400
0.02782,73450
0.02773,73500
0.02773,73550
0.02744,73600
0.02829,73650
0.02803,73700
0.02804,73750
0.02786,73800
0.02768,73850
0.02831,73900
0.02799,73950
0.02807,74000
0.02796,74050
0.02763,74100
0.02833,74150
0.02809,74200
0.02868,74250
0.02866,74300
0.02766,74350
0.02826,74400
0.02779,74450
0.02853,74500
0.02782,74550
0.02858,74600
0.02786,74650
0.02793,74700
0.02867,74750
0.02798,74800
0.02844,74850
0.02765,74900
0.02870,74950
0.02884,75000
0.02825,75050
0.02814,75100
0.02852,75150
0.02914,75200
0.02849,75250
0.02832,75300
0.02892,75350
0.02894,75400
0.02911,75450
0.02823,75500
0.02829,75550
0.02848,75600
0.02869,75650
0.02847,75700
0.02914,75750
0.02911,75800
0.02918,75850
0.02899,75900
0.02875,75950
0.02946,76000
0.02889,76050
0.02904,76100
0.02856,76150
0.02933,76200
0.02846,76250
0.02867,76300
0.02877,76350
0.02950,76400
0.02937,76450
0.02870,76500
0.02967,76550
0.02920,76600
0.02954,76650
0.02928,76700
0.02882,76750
0.02882,76800
0.02956,76850
0.02923,76900
0.02895,76950
0.02900,77000
0.02893,77050
0.02947,77100
0.02985,77150
0.02902,77200
0.02920,77250
0.02955,77300
0.03004,77350
0.02945,77400
0.02906,77450
0.02945,77500
0.02943,77550
0.02952,77600
0.02914,77650
0.02933,77700
0.02941,77750
0.02975,77800
0.03008,77850
0.03001,77900
0.02982,77950
0.02942,78000
0.02950,78050
0.02942,78100
0.02949,78150
0.02951,78200
0.02954,78250
0.02968,78300
0.02949,78350
0.02971,78400
0.03018,78450
0.03028,78500
0.02953,78550
0.03078,78600
0.03035,78650
0.03037,78700
0.02975,78750
0.02988,78800
0.02985,78850
0.02973,78900
0.02973,78950
0.03031,79000
0.03051,79050
0.03025,79100
0.02990,79150
0.03053,79200
0.02988,79250
0.03056,79300
0.03062,79350
0.03069,79400
0.02998,79450
0.03003,79500
0.03005,79550
0.03047,79600
0.03000,79650
0.03023,79700
0.03005,79750
0.03086,79800
0.03077,79850
0.03065,79900
0.03116,79950
0.03078,80000
0.03056,80050
0.03056,80100
0.03047,80150
0.03082,80200
0.03038,80250
0.03100,80300
0.03054,80350
0.03066,80400
0.03034,80450
0.03161,80500
0.03105,80550
0.03053,80600
0.03075,80650
0.03085,80700
0.03059,80750
0.03083,80800
0.03058,80850
0.03111,80900
0.03160,80950
0.03154,81000
0.03112,81050
0.03129,81100
0.03078,81150
0.03068,81200
0.03118,81250
0.03112,81300
0.03075,81350
0.03068,81400
0.03122,81450
0.03120,81500
0.03125,81550
0.03086,81600
0.03123,81650
0.03085,81700
0.03094,81750
0.03098,81800
0.03107,81850
0.03181,81900
0.03090,81950
0.03134,82000
0.03104,82050
0.03195,82100
0.03115,82150
0.03163,82200
0.03186,82250
0.03170,82300
0.03213,82350
0.03199,82400
0.03207,82450
0.03123,82500
0.03115,82550
0.03185,82600
0.03176,82650
0.03208,82700
0.03150,82750
0.03138,82800
0.03230,82850
0.03134,82900
0.03188,82950
0.03241,83000
0.03158,83050
0.03236,83100
0.03203,83150
0.03142,83200
0.03152,83250
0.03159,83300
0.03225,83350
0.03284,83400
0.03163,83450
0.03211,83500
0.03198,83550
0.03218,83600
0.03216,83650
0.03173,83700
0.03176,83750
0.03220,83800
0.03196,83850
0.03197,83900
0.03269,83950
0.03271,84000
0.03210,84050
0.03227,84100
0.03204,84150
0.03284,84200
0.03239,84250
0.03223,84300
0.03198,84350
0.03275,84400
0.03240,84450
0.03283,84500
0.03259,84550
0.03226,84600
0.03208,84650
0.03253,84700
0.03297,84750
0.03317,84800
0.03241,84850
0.03228,84900
0.03265,84950
0.03241,85000
0.03426,85050
0.03311,85100
0.03231,85150
0.03275,85200
0.03274,85250
0.03344,85300
0.03290,85350
0.03279,85400
0.03247,85450
0.03332,85500
0.03341,85550
0.03346,85600
0.03352,85650
0.03329,85700
0.03268,85750
0.03350,85800
0.03332,85850
0.03358,85900
0.03334,85950
0.03256,86000
0.03352,86050
0.03316,86100
0.03323,86150
0.03350,86200
0.03273,86250
0.03324,86300
0.03368,86350
0.03314,86400
0.03349,86450
0.03341,86500
0.03302,86550
0.03310,86600
0.03333,86650
0.03297,86700
0.03324,86750
0.03305,86800
0.03377,86850
0.03416,86900
0.03343,86950
0.03318,87000
0.03327,87050
0.03319,87100
0.03397,87150
0.03436,87200
0.03349,87250
0.03365,87300
0.03376,87350
0.03332,87400
0.03374,87450
0.03341,87500
0.03384,87550
0.03385,87600
0.03351,87650
0.03440,87700
0.03463,87750
0.03399,87800
0.03353,87850
0.03450,87900
0.03355,87950
0.03478,88000
0.03439,88050
0.03378,88100
0.03383,88150
0.03389,88200
0.03473,88250
0.03465,88300
0.03380,88350
0.03430,88400
0.03475,88450
0.03390,88500
0.03474,88550
0.03391,88600
0.03385,88650
0.03401,88700
0.03495,88750
0.03491,88800
0.03489,88850
0.03510,88900
0.03512,88950
0.03452,89000
0.03458,89050
0.03408,89100
0.03414,89150
0.03494,89200
0.03461,89250
0.03506,89300
0.03455,89350
0.03467,89400
0.03448,89450
0.03495,89500
0.03509,89550
0.03430,89600
0.03463,89650
0.03430,89700
0.03466,89750
0.03451,89800
0.03441,89850
0.03460,89900
0.03446,89950
0.03461,90000
0.03528,90050
0.03459,90100
0.03452,90150
0.03481,90200
0.03465,90250
0.03448,90300
0.03464,90350
0.03519,90400
0.03517,90450
0.03562,90500
0.03513,90550
0.03468,90600
0.03498,90650
0.03569,90700
0.03488,90750
0.03509,90800
0.03556,90850
0.03515,90900
0.03504,90950
0.03581,91000
0.03612,91050
0.03577,91100
0.03511,91150
0.03567,91200
0.03540,91250
0.03600,91300
0.03520,91350
0.03597,91400
0.03599,91450
0.03628,91500
0.03612,91550
0.03601,91600
0.03572,91650
0.03555,91700
0.03567,91750
0.03647,91800
0.03637,91850
0.03613,91900
0.03658,91950
0.03580,92000
0.03580,92050
0.03618,92100
0.03699,92150
0.03615,92200
0.03652,92250
0.03555,92300
0.03567,92350
0.03562,92400
0.03605,92450
0.03656,92500
0.03656,92550
0.03622,92600
0.03643,92650
0.03663,92700
0.03692,92750
0.03535,92800
0.03578,92850
0.03678,92900
0.03585,92950
0.03703,93000
0.03594,93050
0.03591,93100
0.03621,93150
0.03610,93200
0.03683,93250
0.03635,93300
0.03630,93350
0.03613,93400
0.03654,93450
0.03595,93500
0.03699,93550
0.03610,93600
0.03644,93650
0.03609,93700
0.03713,93750
0.03712,93800
0.03639,93850
0.03722,93900
0.03676,93950
0.03749,94000
0.03619,94050
0.03681,94100
0.03727,94150
0.03690,94200
0.03699,94250
0.03718,94300
0.03691,94350
0.03655,94400
0.03750,94450
0.03709,94500
0.03707,94550
0.03658,94600
0.03755,94650
0.03705,94700
0.03683,94750
0.03761,94800
0.03672,94850
0.03655,94900
0.03690,94950
0.03696,95000
0.03801,95050
0.03827,95100
0.03701,95150
0.03683,95200
0.03713,95250
0.03757,95300
0.03759,95350
0.03789,95400
0.03772,95450
0.03703,95500
0.03714,95550
0.03714,95600
0.03697,95650
0.03690,95700
0.03804,95750
0.03717,95800
0.03784,95850
0.03804,95900
0.03805,95950
0.03712,96000
0.03747,96050
0.03793,96100
0.03794,96150
0.03748,96200
0.03821,96250
0.03816,96300
0.03748,96350
0.03793,96400
0.03800,96450
0.03723,96500
0.03729,96550
0.03851,96600
0.03850,96650
0.03799,96700
0.03750,96750
0.03782,96800
0.03813,96850
0.03765,96900
0.03750,96950
0.03776,97000
0.03780,97050
0.03834,97100
0.03800,97150
0.03826,97200
0.03835,97250
0.03886,97300
0.03885,97350
0.03829,97400
0.03761,97450
0.03856,97500
0.03836,97550
0.03769,97600
0.03816,97650
0.03813,97700
0.03821,97750
0.03782,97800
0.03764,97850
0.03969,97900
0.03818,97950
0.03787,98000
0.03770,98050
0.03807,98100
0.03764,98150
0.03786,98200
0.03873,98250
0.03883,98300
0.03871,98350
0.03883,98400
0.03835,98450
0.03882,98500
0.03897,98550
0.03813,98600
0.03875,98650
0.03812,98700
0.03857,98750
0.03983,98800
0.03978,98850
0.03886,98900
0.03928,98950
0.03841,99000
0.03855,99050
0.03898,99100
0.03938,99150
0.03836,99200
0.03835,99250
0.03843,99300
0.03945,99350
0.03957,99400
0.03899,99450
0.04030,99500
0.03931,99550
0.03839,99600
0.03860,99650
0.03858,99700
0.03960,99750
0.03918,99800
0.04000,99850
0.03954,99900
0.03980,99950
0.03906,100000
0.03950,100050
0.03990,100100
0.03961,100150
0.03886,100200
0.03990,100250
0.03934,100300
0.03973,100350
0.03936,100400
0.03901,100450
0.04010,100500
0.03954,100550
0.03950,100600
0.03907,100650
0.03937,100700
0.04000,100750
0.04017,100800
0.03904,100850
0.03919,100900
0.04014,100950
0.03919,101000
0.03992,101050
0.04030,101100
0.03958,101150
0.03938,101200
0.04034,101250
0.03950,101300
0.04021,101350
0.04001,101400
0.04059,101450
0.04118,101500
0.03943,101550
0.03947,101600
0.04045,101650
0.03964,101700
0.03990,101750
0.04050,101800
0.03954,101850
0.03961,101900
0.03965,101950
0.04052,102000
0.04094,102050
0.04064,102100
0.04014,102150
0.03991,102200
0.04011,102250
0.03990,102300
0.03940,102350
0.03958,102400
0.03929,102450
0.04036,102500
0.04059,102550
0.04111,102600
0.04006,102650
0.04056,102700
0.04094,102750
0.04097,102800
0.04004,102850
0.04086,102900
0.04009,102950
0.04043,103000
0.04049,103050
0.04077,103100
0.04018,103150
0.04130,103200
0.04262,103250
0.04055,103300
0.04043,103350
0.04058,103400
0.04064,103450
0.04082,103500
0.04033,103550
0.04042,103600
0.04068,103650
0.04143,103700
0.04057,103750
0.04040,103800
0.04074,103850
0.04092,103900
0.04084,103950
0.04057,104000
0.04049,104050
0.04131,104100
0.04059,104150
0.04084,104200
0.04168,104250
0.04057,104300
0.04132,104350
0.04105,104400
0.04159,104450
0.04075,104500
0.04179,104550
0.04172,104600
0.04094,104650
0.04097,104700
0.04141,104750
0.04230,104800
0.04109,104850
0.04140,104900
0.04208,104950
0.04196,105000
0.04238,105050
0.04213,105100
0.04080,105150
0.04207,105200
0.04131,105250
0.04210,105300
0.04207,105350
0.04105,105400
0.04205,105450
0.04210,105500
0.04199,105550
0.04175,105600
0.04216,105650
0.04173,105700
0.04163,105750
0.04227,105800
0.04145,105850
0.04123,105900
0.04141,105950
0.04233,106000
0.04247,106050
0.04217,106100
0.04193,106150
0.04206,106200
0.04121,106250
0.04226,106300
0.04202,106350
0.04244,106400
0.04155,106450
0.04143,106500
0.04244,106550
0.04244,106600
0.04192,106650
0.04282,106700
0.04254,106750
0.04169,106800
0.04257,106850
0.04263,106900
0.04317,106950
0.04260,107000
0.04290,107050
0.04233,107100
0.04328,107150
0.04181,107200
0.04229,107250
0.04206,107300
0.04279,107350
0.04199,107400
0.04280,107450
0.04363,107500
0.04235,107550
0.04235,107600
0.04320,107650
0.04222,107700
0.04319,107750
0.04244,107800
0.04272,107850
0.04237,107900
0.04269,107950
0.04310,108000
0.04304,108050
0.04299,108100
0.04351,108150
0.04401,108200
0.04246,108250
0.04234,108300
0.04325,108350
0.04259,108400
0.04309,108450
0.04278,108500
0.04296,108550
0.04350,108600
0.04307,108650
0.04292,108700
0.04353,108750
0.04338,108800
0.04326,108850
0.04341,108900
0.04393,108950
0.04381,109000
0.04439,109050
0.04355,109100
0.04389,109150
0.04343,109200
0.04414,109250
0.04368,109300
0.04383,109350
0.04351,109400
0.04316,109450
0.04400,109500
0.04373,109550
0.04324,109600
0.04293,109650
0.04393,109700
0.04312,109750
0.04296,109800
0.04298,109850
0.04312,109900
0.04440,109950
0.04636,110000
0.04435,110050
0.04395,110100
0.04344,110150
0.04342,110200
0.04466,110250
0.04406,110300
0.04325,110350
0.04425,110400
0.04331,110450
0.04447,110500
0.04471,110550
0.04348,110600
0.04446,110650
0.04395,110700
0.04382,110750
0.04396,110800
0.04350,110850
0.04414,110900
0.04478,110950
0.04478,111000
0.04423,111050
0.04521,111100
0.04387,111150
0.04506,111200
0.04490,111250
0.04428,111300
0.04468,111350
0.04469,111400
0.04670,111450
0.04473,111500
0.04480,111550
0.04390,111600
0.04507,111650
0.04399,111700
0.04389,111750
0.04491,111800
0.04406,111850
0.04401,111900
0.04410,111950
0.04478,112000
0.04502,112050
0.04550,112100
0.04446,112150
0.04487,112200
0.04449,112250
0.04432,112300
0.04466,112350
0.04505,112400
0.04416,112450
0.04446,112500
0.04492,112550
0.04479,112600
0.04499,112650
0.04465,112700
0.04478,112750
0.04493,112800
0.04584,112850
0.04552,112900
0.04552,112950
0.04538,113000
0.04437,113050
0.04486,113100
0.04555,113150
0.04627,113200
0.04578,113250
0.04532,113300
0.04448,113350
0.04446,113400
0.04492,113450
0.04562,113500
0.04493,113550
0.04550,113600
0.04470,113650
0.04572,113700
0.04478,113750
0.04502,113800
0.04602,113850
0.04487,113900
0.04545,113950
0.04502,114000
0.04540,114050
0.04488,114100
0.04478,114150
0.04587,114200
0.04641,114250
0.04496,114300
0.04534,114350
0.04546,114400
0.04670,114450
0.04490,114500
0.04598,114550
0.04503,114600
0.04574,114650
0.04584,114700
0.04500,114750
0.04515,114800
0.04616,114850
0.04763,114900
0.04572,114950
0.04577,115000
0.04534,115050
0.04511,115100
0.04529,115150
0.04567,115200
0.04670,115250
0.04608,115300
0.04590,115350
0.04593,115400
0.04590,115450
0.04665,115500
0.04715,115550
0.04546,115600
0.04567,115650
0.04645,115700
0.04665,115750
0.04591,115800
0.04549,115850
0.04557,115900
0.04678,115950
0.04634,116000
0.04575,116050
0.04642,116100
0.04611,116150
0.04659,116200
0.04612,116250
0.04698,116300
0.04585,116350
0.04598,116400
0.04601,116450
0.04707,116500
0.04738,116550
0.04586,116600
0.04704,116650
0.04683,116700
0.04612,116750
0.04625,116800
0.04706,116850
0.04605,116900
0.04618,116950
0.04711,117000
0.04622,117050
0.04668,117100
0.04632,117150
0.04647,117200
0.04825,117250
0.04738,117300
0.04834,117350
0.04693,117400
0.04655,117450
0.04676,117500
0.04665,117550
0.04645,117600
0.04729,117650
0.04783,117700
0.04714,117750
0.04777,117800
0.04718,117850
0.04737,117900
0.04770,117950
0.04779,118000
0.04680,118050
0.04668,118100
0.04667,118150
0.04826,118200
0.04816,118250
0.04749,118300
0.04687,118350
0.04735,118400
0.04822,118450
0.04704,118500
0.04836,118550
0.04771,118600
0.04805,118650
0.04703,118700
0.04808,118750
0.04768,118800
0.04784,118850
0.04755,118900
0.04702,118950
0.04752,119000
0.04717,119050
0.04763,119100
0.04779,119150
0.04736,119200
0.04753,119250
0.04862,119300
0.04848,119350
0.04852,119400
0.05006,119450
0.04780,119500
0.04737,119550
0.04837,119600
0.04804,119650
0.04765,119700
0.04830,119750
0.04850,119800
0.04825,119850
0.04840,119900
0.04815,119950
0.04875,120000
0.04848,120050
0.04770,120100
0.04904,120150
0.04880,120200
0.04917,120250
0.04796,120300
0.04875,120350
0.04901,120400
0.04813,120450
0.04831,120500
0.04786,120550
0.04814,120600
0.04793,120650
0.04868,120700
0.04797,120750
0.04884,120800
0.04819,120850
0.04825,120900
0.04816,120950
0.04895,121000
0.04936,121050
0.04925,121100
0.04850,121150
0.04897,121200
0.04945,121250
0.04961,121300
0.04968,121350
0.04920,121400
0.04826,121450
0.04930,121500
0.04892,121550
0.04872,121600
0.04913,121650
0.04956,121700
0.04917,121750
0.04828,121800
0.04873,121850
0.04835,121900
0.04996,121950
0.04928,122000
0.04924,122050
0.04973,122100
0.04865,122150
0.04854,122200
0.04916,122250
0.04964,122300
0.05096,122350
0.04948,122400
0.04842,122450
0.04869,122500
0.04935,122550
0.05018,122600
0.04926,122650
0.04961,122700
0.04881,122750
0.05042,122800
0.04956,122850
0.04891,122900
0.04993,122950
0.04976,123000
0.04917,123050
0.04928,123100
0.05022,123150
0.05046,123200
0.04909,123250
0.04898,123300
0.04917,123350
0.04941,123400
0.04988,123450
0.04997,123500
0.05226,123550
0.04932,123600
0.04989,123650
0.04939,123700
0.04940,123750
0.04963,123800
0.04929,123850
0.04984,123900
0.05002,123950
0.04937,124000
0.05096,124050
0.05064,124100
0.05067,124150
0.05073,124200
0.05003,124250
