0.00000,0
0.00001,50
0.00001,100
0.00002,150
0.00003,200
0.00003,250
0.00004,300
0.00005,350
0.00006,400
0.00006,450
0.00007,500
0.00008,550
0.00009,600
0.00010,650
0.00010,700
0.00011,750
0.00012,800
0.00013,850
0.00013,900
0.00028,950
0.00015,1000
0.00017,1050
0.00017,1100
0.00018,1150
0.00018,1200
0.00019,1250
0.00020,1300
0.00021,1350
0.00022,1400
0.00023,1450
0.00024,1500
0.00024,1550
0.00025,1600
0.00026,1650
0.00027,1700
0.00028,1750
0.00029,1800
0.00030,1850
0.00031,1900
0.00032,1950
0.00033,2000
0.00033,2050
0.00034,2100
0.00035,2150
0.00036,2200
0.00037,2250
0.00038,2300
0.00039,2350
0.00040,2400
0.00041,2450
0.00042,2500
0.00042,2550
0.00043,2600
0.00044,2650
0.00045,2700
0.00047,2750
0.00047,2800
0.00048,2850
0.00049,2900
0.00050,2950
0.00051,3000
0.00052,3050
0.00052,3100
0.00054,3150
0.00055,3200
0.00056,3250
0.00057,3300
0.00058,3350
0.00059,3400
0.00060,3450
0.00060,3500
0.00061,3550
0.00062,3600
0.00064,3650
0.00066,3700
0.00066,3750
0.00066,3800
0.00067,3850
0.00068,3900
0.00069,3950
0.00070,4000
0.00071,4050
0.00072,4100
0.00072,4150
0.00074,4200
0.00075,4250
0.00077,4300
0.00077,4350
0.00078,4400
0.00079,4450
0.00081,4500
0.00081,4550
0.00082,4600
0.00083,4650
0.00084,4700
0.00086,4750
0.00086,4800
0.00087,4850
0.00088,4900
0.00089,4950
0.00090,5000
0.00090,5050
0.00092,5100
0.00092,5150
0.00093,5200
0.00094,5250
0.00095,5300
0.00097,5350
0.00097,5400
0.00098,5450
0.00100,5500
0.00101,5550
0.00101,5600
0.00102,5650
0.00103,5700
0.00105,5750
0.00106,5800
0.00106,5850
0.00107,5900
0.00108,5950
0.00109,6000
0.00112,6050
0.00111,6100
0.00112,6150
0.00113,6200
0.00115,6250
0.00116,6300
0.00117,6350
0.00117,6400
0.00119,6450
0.00120,6500
0.00121,6550
0.00122,6600
0.00123,6650
0.00124,6700
0.00125,6750
0.00126,6800
0.00127,6850
0.00128,6900
0.00129,6950
0.00129,7000
0.00131,7050
0.00132,7100
0.00133,7150
0.00134,7200
0.00134,7250
0.00136,7300
0.00138,7350
0.00138,7400
0.00140,7450
0.00141,7500
0.00142,7550
0.00142,7600
0.00144,7650
0.00145,7700
0.00146,7750
0.00147,7800
0.00148,7850
0.00148,7900
0.00150,7950
0.00150,8000
0.00152,8050
0.00151,8100
0.00153,8150
0.00154,8200
0.00155,8250
0.00156,8300
0.00158,8350
0.00158,8400
0.00160,8450
0.00162,8500
0.00162,8550
0.00163,8600
0.00165,8650
0.00165,8700
0.00167,8750
0.00168,8800
0.00168,8850
0.00169,8900
0.00170,8950
0.00171,9000
0.00172,9050
0.00175,9100
0.00175,9150
0.00177,9200
0.00178,9250
0.00179,9300
0.00179,9350
0.00181,9400
0.00184,9450
0.00182,9500
0.00184,9550
0.00185,9600
0.00186,9650
0.00186,9700
0.00187,9750
0.00189,9800
0.00190,9850
0.00190,9900
0.00192,9950
0.00193,10000
0.00194,10050
0.00195,10100
0.00194,10150
0.00196,10200
0.00196,10250
0.00198,10300
0.00199,10350
0.00201,10400
0.00202,10450
0.00204,10500
0.00204,10550
0.00206,10600
0.00208,10650
0.00208,10700
0.00209,10750
0.00210,10800
0.00212,10850
0.00213,10900
0.00214,10950
0.00214,11000
0.00214,11050
0.00217,11100
0.00217,11150
0.00217,11200
0.00219,11250
0.00220,11300
0.00221,11350
0.00222,11400
0.00224,11450
0.00225,11500
0.00226,11550
0.00228,11600
0.00228,11650
0.00228,11700
0.00229,11750
0.00230,11800
0.00232,11850
0.00233,11900
0.00235,11950
0.00235,12000
0.00236,12050
0.00236,12100
0.00238,12150
0.00238,12200
0.00240,12250
0.00240,12300
0.00240,12350
0.00244,12400
0.00243,12450
0.00245,12500
0.00246,12550
0.00248,12600
0.00249,12650
0.00250,12700
0.00252,12750
0.00252,12800
0.00253,12850
0.00257,12900
0.00257,12950
0.00258,13000
0.00258,13050
0.00261,13100
0.00261,13150
0.00261,13200
0.00262,13250
0.00265,13300
0.00265,13350
0.00265,13400
0.00268,13450
0.00268,13500
0.00270,13550
0.00270,13600
0.00273,13650
0.00274,13700
0.00274,13750
0.00278,13800
0.00275,13850
0.00278,13900
0.00277,13950
0.00279,14000
0.00280,14050
0.00281,14100
0.00282,14150
0.00283,14200
0.00284,14250
0.00285,14300
0.00286,14350
0.00286,14400
0.00289,14450
0.00290,14500
0.00291,14550
0.00292,14600
0.00293,14650
0.00294,14700
0.00295,14750
0.00297,14800
0.00299,14850
0.00299,14900
0.00300,14950
0.00301,15000
0.00301,15050
0.00303,15100
0.00305,15150
0.00304,15200
0.00306,15250
0.00307,15300
0.00308,15350
0.00309,15400
0.00310,15450
0.00312,15500
0.00313,15550
0.00314,15600
0.00315,15650
0.00316,15700
0.00318,15750
0.00318,15800
0.00319,15850
0.00321,15900
0.00320,15950
0.00321,16000
0.00325,16050
0.00324,16100
0.00325,16150
0.00325,16200
0.00327,16250
0.00328,16300
0.00329,16350
0.00328,16400
0.00329,16450
0.00332,16500
0.00673,16550
0.00334,16600
0.00335,16650
0.00338,16700
0.00338,16750
0.00340,16800
0.00340,16850
0.00342,16900
0.00345,16950
0.00345,17000
0.00343,17050
0.00350,17100
0.00348,17150
0.00707,17200
0.00351,17250
0.00350,17300
0.00353,17350
0.00356,17400
0.00357,17450
0.00355,17500
0.00356,17550
0.00358,17600
0.00358,17650
0.00361,17700
0.00362,17750
0.00364,17800
0.00365,17850
0.00366,17900
0.00365,17950
0.00369,18000
0.00369,18050
0.00369,18100
0.00371,18150
0.00390,18200
0.00372,18250
0.00375,18300
0.00374,18350
0.00375,18400
0.00377,18450
0.00380,18500
0.00381,18550
0.00381,18600
0.00383,18650
0.00385,18700
0.00384,18750
0.00386,18800
0.00388,18850
0.00390,18900
0.00389,18950
0.00392,19000
0.00392,19050
0.00393,19100
0.00393,19150
0.00394,19200
0.00395,19250
0.00397,19300
0.00398,19350
0.00398,19400
0.00400,19450
0.00401,19500
0.00403,19550
0.00402,19600
0.00403,19650
0.00404,19700
0.00406,19750
0.00406,19800
0.00405,19850
0.00409,19900
0.00409,19950
0.00411,20000
0.00413,20050
0.00413,20100
0.00414,20150
0.00414,20200
0.00415,20250
0.00417,20300
0.00416,20350
0.00419,20400
0.00419,20450
0.00418,20500
0.00421,20550
0.00423,20600
0.00425,20650
0.00425,20700
0.00426,20750
0.00428,20800
0.00428,20850
0.00429,20900
0.00434,20950
0.00434,21000
0.00434,21050
0.00435,21100
0.00437,21150
0.00440,21200
0.00439,21250
0.00441,21300
0.00444,21350
0.00445,21400
0.00444,21450
0.00450,21500
0.00447,21550
0.00448,21600
0.00449,21650
0.00451,21700
0.00452,21750
0.00453,21800
0.00454,21850
0.00454,21900
0.00455,21950
0.00455,22000
0.00458,22050
0.00459,22100
0.00460,22150
0.00461,22200
0.00462,22250
0.00462,22300
0.00462,22350
0.00466,22400
0.00466,22450
0.00467,22500
0.00467,22550
0.00469,22600
0.00472,22650
0.00472,22700
0.00472,22750
0.00473,22800
0.00474,22850
0.00477,22900
0.00479,22950
0.00480,23000
0.00479,23050
0.00483,23100
0.00482,23150
0.00484,23200
0.00482,23250
0.00485,23300
0.00485,23350
0.00487,23400
0.00489,23450
0.00488,23500
0.00494,23550
0.00487,23600
0.00491,23650
0.00493,23700
0.00493,23750
0.00495,23800
0.00495,23850
0.00499,23900
0.00497,23950
0.00499,24000
0.00502,24050
0.00504,24100
0.00502,24150
0.00503,24200
0.00508,24250
0.00507,24300
0.00506,24350
0.00504,24400
0.00511,24450
0.00512,24500
0.00511,24550
0.00511,24600
0.00515,24650
0.00516,24700
0.00515,24750
0.00519,24800
0.00520,24850
0.00520,24900
0.00524,24950
0.00524,25000
0.00525,25050
0.00527,25100
0.00528,25150
0.00530,25200
0.00530,25250
0.00532,25300
0.00533,25350
0.00534,25400
0.00534,25450
0.00536,25500
0.00536,25550
0.00539,25600
0.00541,25650
0.00540,25700
0.00542,25750
0.00542,25800
0.00544,25850
0.00546,25900
0.00549,25950
0.00547,26000
0.00549,26050
0.00552,26100
0.00553,26150
0.00552,26200
0.00552,26250
0.00556,26300
0.00556,26350
0.00559,26400
0.00557,26450
0.00559,26500
0.00562,26550
0.00563,26600
0.00565,26650
0.00563,26700
0.00566,26750
0.00567,26800
0.00566,26850
0.00569,26900
0.00570,26950
0.00571,27000
0.00573,27050
0.00604,27100
0.00576,27150
0.00578,27200
0.00578,27250
0.00578,27300
0.00579,27350
0.00580,27400
0.00581,27450
0.00584,27500
0.00583,27550
0.00585,27600
0.00588,27650
0.00588,27700
0.00588,27750
0.00589,27800
0.00591,27850
0.00590,27900
0.00591,27950
0.00588,28000
0.00599,28050
0.00595,28100
0.00597,28150
0.00599,28200
0.00598,28250
0.00601,28300
0.00602,28350
0.00601,28400
0.00603,28450
0.00604,28500
0.00604,28550
0.00605,28600
0.00609,28650
0.00605,28700
0.00610,28750
0.00608,28800
0.00612,28850
0.00614,28900
0.00618,28950
0.00617,29000
0.00615,29050
0.00621,29100
0.00622,29150
0.00622,29200
0.00624,29250
0.00624,29300
0.00625,29350
0.00628,29400
0.00628,29450
0.00632,29500
0.00632,29550
0.00632,29600
0.00634,29650
0.00636,29700
0.00636,29750
0.00637,29800
0.00637,29850
0.00641,29900
0.00647,29950
0.00643,30000
0.00644,30050
0.00650,30100
0.00646,30150
0.00650,30200
0.00650,30250
0.00648,30300
0.00652,30350
0.00658,30400
0.00653,30450
0.00660,30500
0.00656,30550
0.00656,30600
0.00659,30650
0.00666,30700
0.00658,30750
0.00661,30800
0.00660,30850
0.00662,30900
0.00662,30950
0.00666,31000
0.00665,31050
0.00676,31100
0.00669,31150
0.00671,31200
0.00675,31250
0.00674,31300
0.00673,31350
0.00682,31400
0.00679,31450
0.01371,31500
0.00678,31550
0.00679,31600
0.00679,31650
0.00682,31700
0.00681,31750
0.00685,31800
0.00685,31850
0.00683,31900
0.00684,31950
0.00686,32000
0.00686,32050
0.00694,32100
0.00687,32150
0.00690,32200
0.00692,32250
0.00688,32300
0.00693,32350
0.00692,32400
0.00694,32450
0.00697,32500
0.00697,32550
0.00700,32600
0.00707,32650
0.00709,32700
0.00703,32750
0.00711,32800
0.00710,32850
0.00711,32900
0.00714,32950
0.00715,33000
0.00721,33050
0.00728,33100
0.00720,33150
0.00719,33200
0.00720,33250
0.00722,33300
0.00733,33350
0.00725,33400
0.00724,33450
0.00728,33500
0.00725,33550
0.00736,33600
0.00738,33650
0.00741,33700
0.00742,33750
0.00732,33800
0.00736,33850
0.00764,33900
0.00766,33950
0.00744,34000
0.00744,34050
0.00743,34100
0.00744,34150
0.00745,34200
0.00743,34250
0.00749,34300
0.00749,34350
0.00748,34400
0.00761,34450
0.00757,34500
0.00751,34550
0.00757,34600
0.00756,34650
0.00757,34700
0.00754,34750
0.00758,34800
0.00760,34850
0.00775,34900
0.00774,34950
0.00767,35000
0.00766,35050
0.00763,35100
0.00767,35150
0.00768,35200
0.00771,35250
0.00771,35300
0.00782,35350
0.00773,35400
0.00777,35450
0.00775,35500
0.00777,35550
0.00788,35600
0.00777,35650
0.00780,35700
0.00783,35750
0.00784,35800
0.00783,35850
0.00788,35900
0.00790,35950
0.00789,36000
0.00791,36050
0.00790,36100
0.00793,36150
0.00792,36200
0.00795,36250
0.00797,36300
0.00797,36350
0.00801,36400
0.00803,36450
0.00802,36500
0.00800,36550
0.00808,36600
0.00804,36650
0.00816,36700
0.00806,36750
0.00818,36800
0.00818,36850
0.00811,36900
0.00825,36950
0.00817,37000
0.00815,37050
0.00818,37100
0.00818,37150
0.00819,37200
0.00820,37250
0.00825,37300
0.00822,37350
0.00830,37400
0.00834,37450
0.00826,37500
0.00829,37550
0.00832,37600
0.00841,37650
0.00832,37700
0.00837,37750
0.00835,37800
0.00836,37850
0.00839,37900
0.00850,37950
0.00842,38000
0.00846,38050
0.00854,38100
0.00855,38150
0.00856,38200
0.00855,38250
0.00846,38300
0.00852,38350
0.00848,38400
0.00847,38450
0.00853,38500
0.00856,38550
0.00857,38600
0.00858,38650
0.00857,38700
0.00855,38750
0.00858,38800
0.00863,38850
0.00859,38900
0.00873,38950
0.00873,39000
0.00862,39050
0.00874,39100
0.00864,39150
0.00866,39200
0.00865,39250
0.00867,39300
0.00869,39350
0.00869,39400
0.00871,39450
0.00871,39500
0.00871,39550
0.00877,39600
0.00875,39650
0.00873,39700
0.00878,39750
0.00878,39800
0.00895,39850
0.00890,39900
0.00894,39950
0.00881,40000
0.00881,40050
0.00884,40100
0.00888,40150
0.00886,40200
0.00888,40250
0.00899,40300
0.00887,40350
0.00892,40400
0.00889,40450
0.00891,40500
0.00893,40550
0.00895,40600
0.00906,40650
0.00902,40700
0.00901,40750
0.00906,40800
0.00907,40850
0.00898,40900
0.00902,40950
0.00902,41000
0.00903,41050
0.00903,41100
0.00917,41150
0.00911,41200
0.00923,41250
0.00918,41300
0.00915,41350
0.00925,41400
0.00914,41450
0.00917,41500
0.00926,41550
0.00921,41600
0.00920,41650
0.00922,41700
0.00929,41750
0.00924,41800
0.00924,41850
0.00928,41900
0.00940,41950
0.00941,42000
0.00930,42050
0.00935,42100
0.00942,42150
0.00941,42200
0.00937,42250
0.00960,42300
0.00950,42350
0.00939,42400
0.00944,42450
0.00942,42500
0.00947,42550
0.00947,42600
0.00946,42650
0.00949,42700
0.00950,42750
0.00951,42800
0.00954,42850
0.00955,42900
0.00954,42950
0.00957,43000
0.00957,43050
0.00959,43100
0.00962,43150
0.00963,43200
0.00961,43250
0.00964,43300
0.00963,43350
0.00968,43400
0.00968,43450
0.00968,43500
0.00969,43550
0.00971,43600
0.00976,43650
0.00973,43700
0.00975,43750
0.00977,43800
0.00978,43850
0.00981,43900
0.00982,43950
0.00990,44000
0.00982,44050
0.00984,44100
0.00991,44150
0.00984,44200
0.00992,44250
0.00985,44300
0.00987,44350
0.01005,44400
0.00992,44450
0.00992,44500
0.01003,44550
0.00995,44600
0.00997,44650
0.00996,44700
0.00996,44750
0.01009,44800
0.01001,44850
0.00999,44900
0.01010,44950
0.01002,45000
0.01005,45050
0.01004,45100
0.01006,45150
0.01007,45200
0.01012,45250
0.01009,45300
0.01022,45350
0.01020,45400
0.01013,45450
0.01014,45500
0.01018,45550
0.01023,45600
0.01021,45650
0.01025,45700
0.01025,45750
0.01022,45800
0.01034,45850
0.01028,45900
0.01027,45950
0.01027,46000
0.01030,46050
0.01031,46100
0.01036,46150
0.01036,46200
0.01033,46250
0.01035,46300
0.01035,46350
0.01038,46400
0.01034,46450
0.01041,46500
0.01046,46550
0.01040,46600
0.01042,46650
0.01053,46700
0.01044,46750
0.01048,46800
0.01048,46850
0.01047,46900
0.01050,46950
0.01059,47000
0.01050,47050
0.01060,47100
0.01051,47150
0.01064,47200
0.01055,47250
0.01056,47300
0.01069,47350
0.01057,47400
0.01058,47450
0.01063,47500
0.01072,47550
0.01064,47600
0.01072,47650
0.01075,47700
0.01074,47750
0.01069,47800
0.01078,47850
0.01069,47900
0.01073,47950
0.01078,48000
0.01083,48050
0.01082,48100
0.01085,48150
0.01077,48200
0.01089,48250
0.01077,48300
0.01083,48350
0.01083,48400
0.01086,48450
0.01087,48500
0.01088,48550
0.01092,48600
0.01089,48650
0.01093,48700
0.01099,48750
0.01093,48800
0.01100,48850
0.01099,48900
0.01093,48950
0.01104,49000
0.01104,49050
0.01098,49100
0.01098,49150
0.01103,49200
0.01102,49250
0.01107,49300
0.01109,49350
0.01110,49400
0.01121,49450
0.01111,49500
0.01110,49550
0.01110,49600
0.01123,49650
0.01111,49700
0.01125,49750
0.01122,49800
0.01118,49850
0.01128,49900
0.01120,49950
0.01129,50000
0.01136,50050
0.01126,50100
0.01134,50150
0.01135,50200
0.01132,50250
0.01137,50300
0.01131,50350
0.01134,50400
0.01134,50450
0.01139,50500
0.01138,50550
0.01139,50600
0.01139,50650
0.01142,50700
0.01143,50750
0.01146,50800
0.01148,50850
0.01157,50900
0.01148,50950
0.01158,51000
0.01151,51050
0.01159,51100
0.01154,51150
0.01155,51200
0.01157,51250
0.01161,51300
0.01160,51350
0.01162,51400
0.01174,51450
0.01170,51500
0.01163,51550
0.01164,51600
0.01170,51650
0.01180,51700
0.01179,51750
0.01178,51800
0.01173,51850
0.01175,51900
0.01174,51950
0.01181,52000
0.01179,52050
0.01178,52100
0.01182,52150
0.01190,52200
0.01184,52250
0.01185,52300
0.01183,52350
0.01188,52400
0.01187,52450
0.01188,52500
0.01192,52550
0.01204,52600
0.01199,52650
0.01196,52700
0.01206,52750
0.01202,52800
0.01198,52850
0.01212,52900
0.01209,52950
0.01202,53000
0.01202,53050
0.01206,53100
0.01205,53150
0.01209,53200
0.01204,53250
0.01215,53300
0.01207,53350
0.01209,53400
0.01215,53450
0.01217,53500
0.01209,53550
0.01215,53600
0.01226,53650
0.01217,53700
0.01214,53750
0.01220,53800
0.01222,53850
0.01222,53900
0.01224,53950
0.01225,54000
0.01229,54050
0.01238,54100
0.01228,54150
0.01228,54200
0.01232,54250
0.01231,54300
0.01232,54350
0.01233,54400
0.01240,54450
0.01236,54500
0.01249,54550
0.01246,54600
0.01240,54650
0.01240,54700
0.01249,54750
0.01243,54800
0.01252,54850
0.01248,54900
0.01244,54950
0.01249,55000
0.01255,55050
0.01254,55100
0.01249,55150
0.01250,55200
0.01257,55250
0.01245,55300
0.01252,55350
0.01260,55400
0.01257,55450
0.01261,55500
0.01266,55550
0.01259,55600
0.01271,55650
0.01267,55700
0.01262,55750
0.01272,55800
0.01264,55850
0.01270,55900
0.01273,55950
0.01275,56000
0.01270,56050
0.01269,56100
0.01274,56150
0.01273,56200
0.01270,56250
0.01278,56300
0.01286,56350
0.01293,56400
0.01281,56450
0.01282,56500
0.01294,56550
0.01285,56600
0.01287,56650
0.01285,56700
0.01287,56750
0.01284,56800
0.01290,56850
0.01302,56900
0.01288,56950
0.01295,57000
0.01290,57050
0.01296,57100
0.01295,57150
0.01298,57200
0.01302,57250
0.01300,57300
0.01304,57350
0.01308,57400
0.01302,57450
0.01300,57500
0.01303,57550
0.01307,57600
0.01322,57650
0.01320,57700
0.01317,57750
0.01314,57800
0.01327,57850
0.01313,57900
0.01319,57950
0.01316,58000
0.01322,58050
0.01321,58100
0.01326,58150
0.01326,58200
0.01325,58250
0.01327,58300
0.01341,58350
0.01332,58400
0.01329,58450
0.01342,58500
0.01333,58550
0.01565,58600
0.01337,58650
0.01339,58700
0.01344,58750
0.01344,58800
0.01344,58850
0.01345,58900
0.01346,58950
0.01354,59000
0.01351,59050
0.01349,59100
0.01348,59150
0.01348,59200
0.01353,59250
0.01359,59300
0.01356,59350
0.01359,59400
0.01361,59450
0.01362,59500
0.01360,59550
0.01364,59600
0.01370,59650
0.01367,59700
0.01381,59750
0.01370,59800
0.01364,59850
0.01370,59900
0.01377,59950
0.01372,60000
0.01375,60050
0.01373,60100
0.01376,60150
0.01374,60200
0.01379,60250
0.01382,60300
0.01379,60350
0.01385,60400
0.01383,60450
0.01383,60500
0.01392,60550
0.01387,60600
0.01392,60650
0.01397,60700
0.01388,60750
0.01392,60800
0.01397,60850
0.01395,60900
0.01389,60950
0.01397,61000
0.01405,61050
0.01395,61100
0.01411,61150
0.01396,61200
0.01409,61250
0.01407,61300
0.01400,61350
0.01402,61400
0.01409,61450
0.01413,61500
0.01408,61550
0.01409,61600
0.01411,61650
0.01421,61700
0.01422,61750
0.01414,61800
0.01426,61850
0.01417,61900
0.01419,61950
0.01419,62000
0.01419,62050
0.01541,62100
0.01423,62150
0.01425,62200
0.01438,62250
0.01428,62300
0.01430,62350
0.01427,62400
0.01444,62450
0.01440,62500
0.01433,62550
0.01432,62600
0.01443,62650
0.01438,62700
0.01441,62750
0.01443,62800
0.01442,62850
0.01442,62900
0.01457,62950
0.01444,63000
0.01441,63050
0.01442,63100
0.01445,63150
0.01444,63200
0.01450,63250
0.01455,63300
0.01463,63350
0.01455,63400
0.01452,63450
0.01464,63500
0.01469,63550
0.01464,63600
0.01471,63650
0.01460,63700
0.01458,63750
0.01460,63800
0.01459,63850
0.01474,63900
0.01476,63950
0.01481,64000
0.01467,64050
0.01469,64100
0.01482,64150
0.01475,64200
0.01468,64250
0.01470,64300
0.01474,64350
0.01470,64400
0.01479,64450
0.01473,64500
0.01474,64550
0.01491,64600
0.01486,64650
0.01478,64700
0.01478,64750
0.01491,64800
0.01485,64850
0.01483,64900
0.01498,64950
0.01491,65000
0.01487,65050
0.01487,65100
0.01492,65150
0.01491,65200
0.01491,65250
0.01508,65300
0.01492,65350
0.01492,65400
0.01501,65450
0.01499,65500
0.01510,65550
0.01515,65600
0.01512,65650
0.01511,65700
0.01512,65750
0.01505,65800
0.01512,65850
0.01510,65900
0.01514,65950
0.01514,66000
0.01515,66050
0.01527,66100
0.01520,66150
0.01523,66200
0.01535,66250
0.01520,66300
0.01524,66350
0.01523,66400
0.01527,66450
0.01530,66500
0.01531,66550
0.01539,66600
0.01533,66650
0.01533,66700
0.01537,66750
0.01542,66800
0.01536,66850
0.01537,66900
0.01539,66950
0.01541,67000
0.01541,67050
0.01540,67100
0.01545,67150
0.01550,67200
0.01549,67250
0.01550,67300
0.01553,67350
0.01562,67400
0.01552,67450
0.01564,67500
0.01569,67550
0.01555,67600
0.01558,67650
0.01563,67700
0.01562,67750
0.01559,67800
0.01566,67850
0.01562,67900
0.01572,67950
0.01569,68000
0.01569,68050
0.01570,68100
0.01573,68150
0.01574,68200
0.01588,68250
0.01589,68300
0.01586,68350
0.01579,68400
0.01577,68450
0.01595,68500
0.01602,68550
0.01597,68600
0.01594,68650
0.01586,68700
0.01584,68750
0.01589,68800
0.01602,68850
0.01591,68900
0.01594,68950
0.01596,69000
0.01598,69050
0.01595,69100
0.01609,69150
0.01599,69200
0.01598,69250
0.01614,69300
0.01612,69350
0.01618,69400
0.01606,69450
0.01612,69500
0.01623,69550
0.01620,69600
0.01619,69650
0.01618,69700
0.01612,69750
0.01615,69800
0.01615,69850
0.01618,69900
0.01618,69950
0.01621,70000
0.01627,70050
0.01622,70100
0.01624,70150
0.01628,70200
0.01621,70250
0.01629,70300
0.01636,70350
0.01632,70400
0.01633,70450
0.01643,70500
0.01634,70550
0.01647,70600
0.01636,70650
0.01652,70700
0.01638,70750
0.01642,70800
0.01669,70850
0.01650,70900
0.01648,70950
0.01646,71000
0.01645,71050
0.01642,71100
0.01649,71150
0.01664,71200
0.01665,71250
0.01660,71300
0.01657,71350
0.01660,71400
0.01665,71450
0.01658,71500
0.01665,71550
0.01660,71600
0.01664,71650
0.01669,71700
0.01668,71750
0.01667,71800
0.01666,71850
0.01672,71900
0.01669,71950
0.01672,72000
0.01674,72050
0.01673,72100
0.01684,72150
0.01689,72200
0.01679,72250
0.01682,72300
0.01677,72350
0.01680,72400
0.01684,72450
0.01691,72500
0.01684,72550
0.01694,72600
0.01687,72650
0.01688,72700
0.01693,72750
0.01692,72800
0.01704,72850
0.01686,72900
0.01695,72950
0.01705,73000
0.01698,73050
0.01704,73100
0.01703,73150
0.01720,73200
0.01702,73250
0.01709,73300
0.01705,73350
0.01705,73400
0.01706,73450
0.01710,73500
0.01706,73550
0.01711,73600
0.01714,73650
0.01714,73700
0.01734,73750
0.01721,73800
0.01716,73850
0.01725,73900
0.01724,73950
0.01721,74000
0.01727,74050
0.01721,74100
0.01724,74150
0.01725,74200
0.01729,74250
0.01739,74300
0.01735,74350
0.01733,74400
0.01739,74450
0.01740,74500
0.01741,74550
0.01741,74600
0.01747,74650
0.01742,74700
0.01755,74750
0.01745,74800
0.01751,74850
0.01747,74900
0.01757,74950
0.01754,75000
0.01755,75050
0.01758,75100
0.01754,75150
0.01760,75200
0.01759,75250
0.01760,75300
0.01764,75350
0.01767,75400
0.01767,75450
0.01776,75500
0.01767,75550
0.01770,75600
0.01777,75650
0.01773,75700
0.01776,75750
0.01783,75800
0.01772,75850
0.01781,75900
0.01785,75950
0.01776,76000
0.01778,76050
0.01779,76100
0.01785,76150
0.01786,76200
0.01786,76250
0.01794,76300
0.01796,76350
0.01790,76400
0.01788,76450
0.01789,76500
0.01788,76550
0.01792,76600
0.01794,76650
0.01808,76700
0.01795,76750
0.01801,76800
0.01798,76850
0.01802,76900
0.01804,76950
0.01807,77000
0.01804,77050
0.01804,77100
0.01806,77150
0.01805,77200
0.01807,77250
0.01810,77300
0.01807,77350
0.01820,77400
0.01817,77450
0.01824,77500
0.01815,77550
0.01820,77600
0.01818,77650
0.01816,77700
0.01819,77750
0.01816,77800
0.01821,77850
0.01821,77900
0.01822,77950
0.01832,78000
0.01825,78050
0.01828,78100
0.01826,78150
0.01841,78200
0.01829,78250
0.01843,78300
0.01834,78350
0.01835,78400
0.01833,78450
0.01835,78500
0.01833,78550
0.01839,78600
0.01844,78650
0.01833,78700
0.01840,78750
0.01842,78800
0.01846,78850
0.01850,78900
0.01854,78950
0.01852,79000
0.01852,79050
0.01850,79100
0.01849,79150
0.01855,79200
0.01876,79250
0.01853,79300
0.01856,79350
0.01857,79400
0.01864,79450
0.01855,79500
0.01871,79550
0.01878,79600
0.01863,79650
0.01861,79700
0.01901,79750
0.01861,79800
0.01865,79850
0.01866,79900
0.01871,79950
0.01868,80000
0.01873,80050
0.01873,80100
0.01870,80150
0.01875,80200
0.01874,80250
0.01877,80300
0.01873,80350
0.01882,80400
0.01885,80450
0.01884,80500
0.01885,80550
0.01882,80600
0.01877,80650
0.01880,80700
0.01887,80750
0.01884,80800
0.01890,80850
0.01894,80900
0.01892,80950
0.01889,81000
0.01893,81050
0.01895,81100
0.01897,81150
0.01896,81200
0.01897,81250
0.01899,81300
0.01900,81350
0.01910,81400
0.01901,81450
0.01908,81500
0.01898,81550
0.01900,81600
0.01902,81650
0.01908,81700
0.01903,81750
0.01916,81800
0.01908,81850
0.01909,81900
0.01914,81950
0.01917,82000
0.01919,82050
0.01912,82100
0.01920,82150
0.01916,82200
0.01916,82250
0.01919,82300
0.01921,82350
0.01916,82400
0.01922,82450
0.01925,82500
0.01941,82550
0.01927,82600
0.01929,82650
0.01934,82700
0.01950,82750
0.01944,82800
0.01936,82850
0.01947,82900
0.01939,82950
0.01956,83000
0.01968,83050
0.01945,83100
0.01947,83150
0.01946,83200
0.01947,83250
0.01948,83300
0.01949,83350
0.01953,83400
0.01954,83450
0.01955,83500
0.01958,83550
0.01962,83600
0.01963,83650
0.01959,83700
0.01959,83750
0.01965,83800
0.01963,83850
0.01966,83900
0.01969,83950
0.01966,84000
0.01966,84050
0.01968,84100
0.01971,84150
0.01972,84200
0.01980,84250
0.01975,84300
0.01977,84350
0.01985,84400
0.01980,84450
0.01976,84500
0.01983,84550
0.01981,84600
0.01984,84650
0.01990,84700
0.01990,84750
0.01993,84800
0.01990,84850
0.01994,84900
0.01994,84950
0.01996,85000
0.01997,85050
0.02001,85100
0.02004,85150
0.02011,85200
0.02011,85250
0.02017,85300
0.02005,85350
0.02008,85400
0.02010,85450
0.02015,85500
0.02022,85550
0.02040,85600
0.02014,85650
0.02022,85700
0.02018,85750
0.02025,85800
0.02026,85850
0.02022,85900
0.02021,85950
0.02029,86000
0.02029,86050
0.02029,86100
0.02029,86150
0.02043,86200
0.02032,86250
0.02033,86300
0.02031,86350
0.02036,86400
0.02053,86450
0.02039,86500
0.02035,86550
0.02036,86600
0.02039,86650
0.02041,86700
0.02689,86750
0.02042,86800
0.02042,86850
0.02050,86900
0.02050,86950
0.02048,87000
0.02052,87050
0.02058,87100
0.02052,87150
0.02053,87200
0.02059,87250
0.02066,87300
0.02057,87350
0.02053,87400
0.02064,87450
0.02057,87500
0.02062,87550
0.02060,87600
0.02064,87650
0.02068,87700
0.02071,87750
0.02071,87800
0.02071,87850
0.02071,87900
0.02085,87950
0.02076,88000
0.02077,88050
0.02092,88100
0.02083,88150
0.02082,88200
0.02080,88250
0.02082,88300
0.02085,88350
0.02089,88400
0.02091,88450
0.02096,88500
0.02086,88550
0.02086,88600
0.02090,88650
0.02089,88700
0.02096,88750
0.02089,88800
0.02097,88850
0.02099,88900
0.02090,88950
0.02096,89000
0.02106,89050
0.02103,89100
0.02108,89150
0.02102,89200
0.02112,89250
0.02115,89300
0.02107,89350
0.02129,89400
0.02111,89450
0.02118,89500
0.02109,89550
0.02108,89600
0.02113,89650
0.02127,89700
0.02125,89750
0.02119,89800
0.02119,89850
0.02130,89900
0.02122,89950
0.02142,90000
0.02124,90050
0.02132,90100
0.02136,90150
0.02127,90200
0.02124,90250
0.02128,90300
0.02137,90350
0.02132,90400
0.02140,90450
0.02138,90500
0.02132,90550
0.02138,90600
0.02139,90650
0.02143,90700
0.02143,90750
0.02142,90800
0.02142,90850
0.02146,90900
0.02149,90950
0.02147,91000
0.02147,91050
0.02156,91100
0.02153,91150
0.02164,91200
0.02158,91250
0.02161,91300
0.02159,91350
0.02161,91400
0.02162,91450
0.02159,91500
0.02164,91550
0.02161,91600
0.02161,91650
0.02180,91700
0.02171,91750
0.02175,91800
0.02170,91850
0.02177,91900
0.02175,91950
0.02177,92000
0.02178,92050
0.02179,92100
0.02182,92150
0.02175,92200
0.02185,92250
0.02184,92300
0.02187,92350
0.02189,92400
0.02185,92450
0.02188,92500
0.02189,92550
0.02196,92600
0.02194,92650
0.02192,92700
0.02193,92750
0.02196,92800
0.02200,92850
0.02196,92900
0.02197,92950
0.02201,93000
0.02206,93050
0.02201,93100
0.02206,93150
0.02211,93200
0.02212,93250
0.02202,93300
0.02204,93350
0.02203,93400
0.02215,93450
0.02211,93500
0.02212,93550
0.02217,93600
0.02217,93650
0.02210,93700
0.02219,93750
0.02214,93800
0.02220,93850
0.02219,93900
0.02226,93950
0.02224,94000
0.02225,94050
0.02221,94100
0.02230,94150
0.02234,94200
0.02226,94250
0.02261,94300
0.02229,94350
0.02240,94400
0.02234,94450
0.02252,94500
0.02235,94550
0.02233,94600
0.02242,94650
0.02241,94700
0.02245,94750
0.02251,94800
0.02278,94850
0.02246,94900
0.02248,94950
0.02249,95000
0.02247,95050
0.02251,95100
0.02261,95150
0.02250,95200
0.02248,95250
0.02253,95300
0.02269,95350
0.02262,95400
0.02262,95450
0.02262,95500
0.02259,95550
0.02269,95600
0.02267,95650
0.02268,95700
0.02265,95750
0.02271,95800
0.02268,95850
0.02270,95900
0.02274,95950
0.02286,96000
0.02284,96050
0.02276,96100
0.02270,96150
0.02305,96200
0.02289,96250
0.02281,96300
0.02306,96350
0.02298,96400
0.02280,96450
0.02290,96500
0.02280,96550
0.02285,96600
0.02290,96650
0.02286,96700
0.02291,96750
0.02290,96800
0.02286,96850
0.02288,96900
0.02299,96950
0.02326,97000
0.02297,97050
0.02300,97100
0.02295,97150
0.02296,97200
0.02302,97250
0.02300,97300
0.02305,97350
0.02305,97400
0.02332,97450
0.02313,97500
0.02304,97550
0.02310,97600
0.02314,97650
0.02309,97700
0.02310,97750
0.02310,97800
0.02316,97850
0.02343,97900
0.02318,97950
0.02313,98000
0.02323,98050
0.02326,98100
0.02331,98150
0.02331,98200
0.02324,98250
0.02331,98300
0.02330,98350
0.02326,98400
0.02330,98450
0.02337,98500
0.02342,98550
0.02345,98600
0.02330,98650
0.02344,98700
0.02339,98750
0.02339,98800
0.02342,98850
0.02340,98900
0.02345,98950
0.02347,99000
0.02349,99050
0.02355,99100
0.02358,99150
0.02356,99200
0.02356,99250
0.02386,99300
0.02357,99350
0.02359,99400
0.02361,99450
0.02390,99500
0.02376,99550
0.02378,99600
0.02377,99650
0.02369,99700
0.02374,99750
0.02365,99800
0.02373,99850
0.02371,99900
0.02374,99950
0.02377,100000
0.02382,100050
0.02386,100100
0.02382,100150
0.02382,100200
0.02392,100250
0.02384,100300
0.02392,100350
0.02384,100400
0.02383,100450
0.02398,100500
0.02387,100550
0.02395,100600
0.02396,100650
0.02396,100700
0.02397,100750
0.02396,100800
0.02404,100850
0.02403,100900
0.02403,100950
0.02402,101000
0.02407,101050
0.02398,101100
0.02420,101150
0.02417,101200
0.02411,101250
0.02407,101300
0.02414,101350
0.02414,101400
0.02421,101450
0.02411,101500
0.02415,101550
0.02416,101600
0.02424,101650
0.02422,101700
0.02427,101750
0.02426,101800
0.02443,101850
0.02433,101900
0.02432,101950
0.02443,102000
0.02432,102050
0.02432,102100
0.02437,102150
0.02440,102200
0.02451,102250
0.02445,102300
0.02444,102350
0.02442,102400
0.02448,102450
0.02455,102500
0.02452,102550
0.02453,102600
0.02453,102650
0.02455,102700
0.02457,102750
0.02457,102800
0.02454,102850
0.02459,102900
0.02457,102950
0.02485,103000
0.02459,103050
0.02468,103100
0.02463,103150
0.02461,103200
0.02465,103250
0.02464,103300
0.02468,103350
0.02479,103400
0.02473,103450
0.02472,103500
0.02473,103550
0.02488,103600
0.02477,103650
0.02478,103700
0.02482,103750
0.02477,103800
0.02481,103850
0.02481,103900
0.02491,103950
0.02491,104000
0.02501,104050
0.02489,104100
0.02484,104150
0.02497,104200
0.02509,104250
0.02494,104300
0.02500,104350
0.02498,104400
0.02497,104450
0.02503,104500
0.02498,104550
0.02501,104600
0.02506,104650
0.02502,104700
0.02508,104750
0.02510,104800
0.02517,104850
0.02515,104900
0.02509,104950
0.02521,105000
0.02516,105050
0.02514,105100
0.02516,105150
0.02514,105200
0.02531,105250
0.02523,105300
0.02531,105350
0.02523,105400
0.02523,105450
0.02528,105500
0.02521,105550
0.02533,105600
0.02533,105650
0.02538,105700
0.02539,105750
0.02536,105800
0.02534,105850
0.02565,105900
0.02541,105950
0.02538,106000
0.02537,106050
0.02541,106100
0.02549,106150
0.02550,106200
0.02556,106250
0.02550,106300
0.02555,106350
0.02555,106400
0.02549,106450
0.02550,106500
0.02565,106550
0.02555,106600
0.02554,106650
0.02563,106700
0.02560,106750
0.02559,106800
0.02560,106850
0.02558,106900
0.02571,106950
0.02563,107000
0.02563,107050
0.02571,107100
0.02580,107150
0.02573,107200
0.02573,107250
0.02587,107300
0.02578,107350
0.02572,107400
0.02574,107450
0.02577,107500
0.02574,107550
0.02585,107600
0.02594,107650
0.02583,107700
0.02581,107750
0.02586,107800
0.02589,107850
0.02587,107900
0.02601,107950
0.02602,108000
0.02588,108050
0.02590,108100
0.02588,108150
0.02594,108200
0.02595,108250
0.02599,108300
0.02596,108350
0.02596,108400
0.02603,108450
0.02602,108500
0.02619,108550
0.02599,108600
0.02609,108650
0.02617,108700
0.02600,108750
0.02606,108800
0.02608,108850
0.02613,108900
0.02626,108950
0.02623,109000
0.02616,109050
0.02619,109100
0.02620,109150
0.02627,109200
0.02613,109250
0.02638,109300
0.02622,109350
0.02624,109400
0.02623,109450
0.02623,109500
0.02628,109550
0.02627,109600
0.02656,109650
0.02632,109700
0.02633,109750
0.02632,109800
0.02634,109850
0.02637,109900
0.02652,109950
0.02645,110000
0.02645,110050
0.02642,110100
0.02641,110150
0.02653,110200
0.02649,110250
0.02647,110300
0.02645,110350
0.02645,110400
0.02642,110450
0.02645,110500
0.02656,110550
0.02653,110600
0.02647,110650
0.02655,110700
0.02660,110750
0.02659,110800
0.02657,110850
0.02662,110900
0.02661,110950
0.02663,111000
0.02659,111050
0.02669,111100
0.02678,111150
0.02680,111200
0.02664,111250
0.02672,111300
0.02671,111350
0.02670,111400
0.02679,111450
0.02669,111500
0.02675,111550
0.02677,111600
0.02700,111650
0.02671,111700
0.02675,111750
0.02681,111800
0.02679,111850
0.02671,111900
0.02682,111950
0.02686,112000
0.02712,112050
0.02689,112100
0.02712,112150
0.02690,112200
0.02688,112250
0.02686,112300
0.02691,112350
0.02697,112400
0.02693,112450
0.02695,112500
0.02701,112550
0.02703,112600
0.02697,112650
0.02702,112700
0.02702,112750
0.02711,112800
0.02699,112850
0.02710,112900
0.02707,112950
0.02711,113000
0.02718,113050
0.02726,113100
0.02707,113150
0.02708,113200
0.02710,113250
0.02708,113300
0.02712,113350
0.02714,113400
0.02720,113450
0.02716,113500
0.02730,113550
0.02720,113600
0.02725,113650
0.02721,113700
0.02728,113750
0.02728,113800
0.02733,113850
0.02730,113900
0.02728,113950
0.02739,114000
0.02730,114050
0.02734,114100
0.02730,114150
0.02743,114200
0.02731,114250
0.02736,114300
0.02740,114350
0.02739,114400
0.02747,114450
0.02738,114500
0.02756,114550
0.02744,114600
0.02741,114650
0.02754,114700
0.02751,114750
0.02752,114800
0.02743,114850
0.02756,114900
0.02756,114950
0.02758,115000
0.02756,115050
0.02765,115100
0.02766,115150
0.02764,115200
0.02802,115250
0.02762,115300
0.02764,115350
0.02780,115400
0.02766,115450
0.02766,115500
0.02777,115550
0.02774,115600
0.02776,115650
0.02784,115700
0.02779,115750
0.02785,115800
0.02795,115850
0.02785,115900
0.02789,115950
0.02797,116000
0.02787,116050
0.02797,116100
0.02796,116150
0.02791,116200
0.02790,116250
0.02798,116300
0.02797,116350
0.02798,116400
0.02800,116450
0.02802,116500
0.02817,116550
0.02843,116600
0.02801,116650
0.02813,116700
0.02821,116750
0.02824,116800
0.02815,116850
0.02812,116900
0.02814,116950
0.02814,117000
0.02823,117050
0.02819,117100
0.02825,117150
0.02823,117200
0.02823,117250
0.02829,117300
0.02832,117350
0.02822,117400
0.02841,117450
0.02829,117500
0.02842,117550
0.02847,117600
0.02836,117650
0.02837,117700
0.02837,117750
0.02837,117800
0.02842,117850
0.02852,117900
0.02849,117950
0.02848,118000
0.02851,118050
0.02851,118100
0.02852,118150
0.02856,118200
0.02863,118250
0.02865,118300
0.02859,118350
0.02868,118400
0.02871,118450
0.02870,118500
0.02863,118550
0.02865,118600
0.02874,118650
0.02870,118700
0.02880,118750
0.02873,118800
0.02872,118850
0.02901,118900
0.02874,118950
0.02883,119000
0.02875,119050
0.02881,119100
0.02876,119150
0.02890,119200
0.02888,119250
0.02886,119300
0.02889,119350
0.02890,119400
0.02887,119450
0.02889,119500
0.02888,119550
0.02895,119600
0.02901,119650
0.02897,119700
0.02908,119750
0.02896,119800
0.02897,119850
0.02900,119900
0.02904,119950
0.02904,120000
0.02905,120050
0.02901,120100
0.02915,120150
0.02907,120200
0.02901,120250
0.02910,120300
0.02908,120350
0.02914,120400
0.02913,120450
0.02917,120500
0.02925,120550
0.02917,120600
0.02926,120650
0.02917,120700
0.02930,120750
0.02924,120800
0.02930,120850
0.02928,120900
0.02921,120950
0.02924,121000
0.02927,121050
0.02927,121100
0.02930,121150
0.02935,121200
0.02933,121250
0.02930,121300
0.02933,121350
0.02942,121400
0.02945,121450
0.02940,121500
0.02965,121550
0.02938,121600
0.02945,121650
0.02940,121700
0.02943,121750
0.02941,121800
0.02951,121850
0.02948,121900
0.02946,121950
0.02945,122000
0.02950,122050
0.02948,122100
0.02957,122150
0.02959,122200
0.02954,122250
0.02956,122300
0.02959,122350
0.02957,122400
0.02957,122450
0.02966,122500
0.02970,122550
0.02961,122600
0.02965,122650
0.02977,122700
0.02962,122750
0.02964,122800
0.02964,122850
0.02964,122900
0.02967,122950
0.02976,123000
0.02972,123050
0.02973,123100
0.02977,123150
0.02982,123200
0.02976,123250
0.02977,123300
0.02984,123350
0.02980,123400
0.02992,123450
0.02990,123500
0.02994,123550
0.03001,123600
0.02985,123650
0.02991,123700
0.02992,123750
0.03005,123800
0.02996,123850
0.03015,123900
0.02998,123950
0.03002,124000
0.03018,124050
