0.00000,0
0.00000,50
0.00001,100
0.00002,150
0.00004,200
0.00006,250
0.00008,300
0.00012,350
0.00015,400
0.00019,450
0.00024,500
0.00030,550
0.00034,600
0.00040,650
0.00045,700
0.00051,750
0.00058,800
0.00064,850
0.00072,900
0.00080,950
0.00089,1000
0.00102,1050
0.00107,1100
0.00118,1150
0.00129,1200
0.00141,1250
0.00152,1300
0.00164,1350
0.00178,1400
0.00190,1450
0.00203,1500
0.00214,1550
0.00228,1600
0.00246,1650
0.00256,1700
0.00271,1750
0.00286,1800
0.00300,1850
0.00317,1900
0.00333,1950
0.00350,2000
0.00367,2050
0.00383,2100
0.00403,2150
0.00425,2200
0.00443,2250
0.00463,2300
0.00484,2350
0.00502,2400
0.00526,2450
0.00543,2500
0.00566,2550
0.00586,2600
0.00611,2650
0.00641,2700
0.00661,2750
0.00684,2800
0.00708,2850
0.00734,2900
0.00764,2950
0.00790,3000
0.00820,3050
0.00848,3100
0.00874,3150
0.00907,3200
0.00938,3250
0.00962,3300
0.00989,3350
0.01017,3400
0.01046,3450
0.01073,3500
0.01104,3550
0.01135,3600
0.01163,3650
0.01213,3700
0.01233,3750
0.01245,3800
0.01280,3850
0.01314,3900
0.01348,3950
0.01382,4000
0.01421,4050
0.01453,4100
0.01488,4150
0.01518,4200
0.01556,4250
0.01592,4300
0.01632,4350
0.01670,4400
0.01709,4450
0.01744,4500
0.01804,4550
0.01846,4600
0.01872,4650
0.01962,4700
0.01984,4750
0.02024,4800
0.02061,4850
0.02124,4900
0.02140,4950
0.02188,5000
0.02226,5050
0.02276,5100
0.02324,5150
0.02369,5200
0.02417,5250
0.02467,5300
0.02482,5350
0.02518,5400
0.02568,5450
0.02642,5500
0.02664,5550
0.02734,5600
0.02791,5650
0.02831,5700
0.02882,5750
0.02933,5800
0.03031,5850
0.03080,5900
0.03137,5950
0.03213,6000
0.03267,6050
0.03291,6100
0.03349,6150
0.03397,6200
0.03450,6250
0.03533,6300
0.03578,6350
0.03635,6400
0.03692,6450
0.03747,6500
0.03798,6550
0.03859,6600
0.03929,6650
0.03941,6700
0.04005,6750
0.04076,6800
0.04117,6850
0.04179,6900
0.04235,6950
0.04330,7000
0.04387,7050
0.04450,7100
0.04515,7150
0.04611,7200
0.04659,7250
0.04722,7300
0.04723,7350
0.04766,7400
0.04916,7450
0.04882,7500
0.04948,7550
0.05021,7600
0.05126,7650
0.05194,7700
0.05234,7750
0.05308,7800
0.05368,7850
0.05427,7900
0.05525,7950
0.05580,8000
0.05662,8050
0.05725,8100
0.05734,8150
0.05805,8200
0.05884,8250
0.05953,8300
0.06032,8350
0.06117,8400
0.06223,8450
0.06292,8500
0.06335,8550
0.06382,8600
0.06466,8650
0.06548,8700
0.06671,8750
0.06737,8800
0.06832,8850
0.06910,8900
0.06988,8950
0.07074,9000
0.07188,9050
0.07256,9100
0.07347,9150
0.07470,9200
0.07485,9250
0.07564,9300
0.07694,9350
0.07764,9400
0.07927,9450
0.07987,9500
0.08029,9550
0.08132,9600
0.08213,9650
0.08292,9700
0.08362,9750
0.08446,9800
0.08556,9850
0.08628,9900
0.08747,9950
0.08852,10000
0.08906,10050
0.08949,10100
0.09115,10150
0.09154,10200
0.09261,10250
0.09330,10300
0.09390,10350
0.09525,10400
0.09643,10450
0.09698,10500
0.09753,10550
0.09849,10600
0.09938,10650
0.10104,10700
0.10283,10750
0.10302,10800
0.10362,10850
0.10466,10900
0.10531,10950
0.10623,11000
0.10749,11050
0.10755,11100
0.10889,11150
0.10947,11200
0.11133,11250
0.11262,11300
0.11207,11350
0.11354,11400
0.11413,11450
0.11753,11500
0.11760,11550
0.11742,11600
0.11841,11650
0.11931,11700
0.12157,11750
0.12331,11800
0.12380,11850
0.12419,11900
0.12548,11950
0.12654,12000
0.12668,12050
0.12766,12100
0.12877,12150
0.13055,12200
0.13120,12250
0.13271,12300
0.13331,12350
0.13444,12400
0.13572,12450
0.13772,12500
0.13869,12550
0.13998,12600
0.14090,12650
0.14133,12700
0.14263,12750
0.14616,12800
0.14621,12850
0.14623,12900
0.14789,12950
0.14856,13000
0.14877,13050
0.15039,13100
0.15162,13150
0.15292,13200
0.15423,13250
0.15644,13300
0.15758,13350
0.15848,13400
0.15945,13450
0.16104,13500
0.16223,13550
0.16295,13600
0.16219,13650
0.16486,13700
0.16576,13750
0.16609,13800
0.16724,13850
0.16923,13900
0.17147,13950
0.17212,14000
0.17289,14050
0.17366,14100
0.17515,14150
0.17535,14200
0.17600,14250
0.18078,14300
0.17997,14350
0.18065,14400
0.18257,14450
0.18411,14500
0.18749,14550
0.18742,14600
0.18868,14650
0.18851,14700
0.18926,14750
0.19000,14800
0.19316,14850
0.19625,14900
0.19812,14950
0.19894,15000
0.19978,15050
0.19950,15100
0.20061,15150
0.20327,15200
0.20293,15250
0.20450,15300
0.20610,15350
0.21130,15400
0.21032,15450
0.21110,15500
0.21417,15550
0.21193,15600
0.21368,15650
0.21572,15700
0.21562,15750
0.22052,15800
0.22245,15850
0.22482,15900
0.22600,15950
0.22252,16000
0.22838,16050
0.22784,16100
0.23022,16150
0.23108,16200
0.23134,16250
0.23176,16300
0.23644,16350
0.23539,16400
0.23810,16450
0.24009,16500
0.24094,16550
0.24070,16600
0.24344,16650
0.24808,16700
0.24504,16750
0.24783,16800
0.24892,16850
0.24963,16900
0.25278,16950
0.25257,17000
0.25681,17050
0.25633,17100
0.25780,17150
0.26018,17200
0.26265,17250
0.26130,17300
0.26145,17350
0.26571,17400
0.26592,17450
0.27007,17500
0.27074,17550
0.27225,17600
0.27690,17650
0.27281,17700
0.27747,17750
0.28014,17800
0.27564,17850
0.28112,17900
0.28571,17950
0.28249,18000
0.28563,18050
0.28564,18100
0.29023,18150
0.29251,18200
0.29330,18250
0.29636,18300
0.29685,18350
0.29717,18400
0.29888,18450
0.30102,18500
0.30178,18550
0.30322,18600
0.30347,18650
0.30850,18700
0.30900,18750
0.30724,18800
0.31266,18850
0.31402,18900
0.31679,18950
0.31562,19000
0.32172,19050
0.32458,19100
0.32434,19150
0.32238,19200
0.32436,19250
0.32533,19300
0.32718,19350
0.33013,19400
0.32965,19450
0.33098,19500
0.33178,19550
0.33786,19600
0.33779,19650
0.34067,19700
0.34192,19750
0.34500,19800
0.34534,19850
0.34733,19900
0.34862,19950
0.35219,20000
0.35795,20050
0.35504,20100
0.35602,20150
0.35985,20200
0.36177,20250
0.36092,20300
0.36488,20350
0.36385,20400
0.36431,20450
0.36604,20500
0.36978,20550
0.37495,20600
0.37414,20650
0.37526,20700
0.38041,20750
0.37841,20800
0.38024,20850
0.38555,20900
0.38716,20950
0.38938,21000
0.39065,21050
0.38987,21100
0.38838,21150
0.39430,21200
0.39811,21250
0.39678,21300
0.39914,21350
0.40110,21400
0.40683,21450
0.40397,21500
0.40630,21550
0.41045,21600
0.41458,21650
0.41570,21700
0.41182,21750
0.41430,21800
0.41915,21850
0.41905,21900
0.42092,21950
0.42778,22000
0.42672,22050
0.42588,22100
0.42957,22150
0.43301,22200
0.43317,22250
0.43440,22300
0.44022,22350
0.44033,22400
0.44561,22450
0.43935,22500
0.44303,22550
0.45014,22600
0.44772,22650
0.45100,22700
0.45523,22750
0.45650,22800
0.45473,22850
0.46479,22900
0.46094,22950
0.46100,23000
0.47055,23050
0.46256,23100
0.47174,23150
0.47455,23200
0.47416,23250
0.47759,23300
0.47747,23350
0.48221,23400
0.48142,23450
0.48562,23500
0.48685,23550
0.48790,23600
0.49260,23650
0.49000,23700
0.49395,23750
0.50017,23800
0.49739,23850
0.49576,23900
0.50569,23950
0.50999,24000
0.50782,24050
0.50897,24100
0.51170,24150
0.51759,24200
0.51404,24250
0.51770,24300
0.52009,24350
0.52146,24400
0.52622,24450
0.52821,24500
0.53227,24550
0.52792,24600
0.52890,24650
0.53662,24700
0.53529,24750
0.53560,24800
0.54411,24850
0.53854,24900
0.54375,24950
0.55062,25000
0.55035,25050
0.55299,25100
0.55698,25150
0.55454,25200
0.56039,25250
0.56324,25300
0.56769,25350
0.56579,25400
0.57196,25450
0.56805,25500
0.57174,25550
0.57188,25600
0.57885,25650
0.57581,25700
0.58171,25750
0.58458,25800
0.58736,25850
0.58881,25900
0.58882,25950
0.59193,26000
0.59351,26050
0.59472,26100
0.59870,26150
0.60581,26200
0.60444,26250
0.60458,26300
0.60296,26350
0.60798,26400
0.60896,26450
0.61556,26500
0.61793,26550
0.62213,26600
0.61906,26650
0.62023,26700
0.62919,26750
0.63521,26800
0.63489,26850
0.63245,26900
0.64025,26950
0.64588,27000
0.64081,27050
0.64390,27100
0.64397,27150
0.64955,27200
0.65201,27250
0.66399,27300
0.65154,27350
0.66287,27400
0.65610,27450
0.66259,27500
0.66782,27550
0.66581,27600
0.67134,27650
0.66948,27700
0.67583,27750
0.67372,27800
0.71513,27850
0.68473,27900
0.68424,27950
0.69010,28000
0.69019,28050
0.69148,28100
0.69408,28150
0.69914,28200
0.69643,28250
0.70092,28300
0.70581,28350
0.70425,28400
0.70873,28450
0.71075,28500
0.71462,28550
0.71528,28600
0.72208,28650
0.72274,28700
0.72048,28750
0.73047,28800
0.73124,28850
0.72856,28900
0.73779,28950
0.73695,29000
0.74168,29050
0.74500,29100
0.74340,29150
0.75235,29200
0.75243,29250
0.75581,29300
0.75445,29350
0.75709,29400
0.76011,29450
0.76483,29500
0.76803,29550
0.76505,29600
0.76623,29650
0.77709,29700
0.77703,29750
0.77880,29800
0.78186,29850
0.78695,29900
0.78520,29950
0.78816,30000
0.79197,30050
0.79486,30100
0.79727,30150
0.79969,30200
0.80575,30250
0.80520,30300
0.81349,30350
0.81483,30400
0.81723,30450
0.82229,30500
0.82118,30550
0.82365,30600
0.82333,30650
0.83255,30700
0.83369,30750
0.83347,30800
0.83204,30850
0.83497,30900
0.84525,30950
0.83736,31000
0.85049,31050
0.84901,31100
0.84481,31150
0.85346,31200
0.85388,31250
0.87033,31300
0.87275,31350
0.86330,31400
0.86715,31450
0.87285,31500
0.87242,31550
0.87925,31600
0.88002,31650
0.88826,31700
0.88344,31750
0.88314,31800
0.90553,31850
0.89133,31900
0.89812,31950
0.89735,32000
0.89938,32050
0.90277,32100
0.90701,32150
0.90870,32200
0.90871,32250
0.91387,32300
0.91486,32350
0.92212,32400
0.92337,32450
0.92670,32500
0.92918,32550
0.92711,32600
0.93533,32650
0.93118,32700
0.94015,32750
0.94104,32800
0.94536,32850
0.95591,32900
0.95062,32950
0.95240,33000
0.95728,33050
0.95922,33100
0.96810,33150
0.96659,33200
0.97454,33250
0.96928,33300
0.97849,33350
0.97811,33400
0.98119,33450
0.98390,33500
0.98805,33550
0.99619,33600
1.00105,33650
0.99008,33700
0.99256,33750
1.00233,33800
0.99611,33850
1.01020,33900
1.00181,33950
1.00427,34000
1.01484,34050
1.01866,34100
1.02924,34150
1.02742,34200
1.02988,34250
1.03152,34300
1.03235,34350
1.04205,34400
1.04978,34450
1.03978,34500
1.04820,34550
1.04786,34600
1.04950,34650
1.05981,34700
1.05392,34750
1.05721,34800
1.07069,34850
1.06815,34900
1.07402,34950
1.08138,35000
1.08415,35050
1.08248,35100
1.08331,35150
1.08050,35200
1.08800,35250
1.09594,35300
1.09184,35350
1.09396,35400
1.10000,35450
1.10550,35500
1.10520,35550
1.13504,35600
1.13973,35650
1.11916,35700
1.12115,35750
1.12713,35800
1.12674,35850
1.12574,35900
1.13604,35950
1.14272,36000
1.14237,36050
1.14361,36100
1.14816,36150
1.15094,36200
1.14980,36250
1.16641,36300
1.15439,36350
1.16999,36400
1.17218,36450
1.16230,36500
1.16836,36550
1.17659,36600
1.18299,36650
1.20368,36700
1.18781,36750
1.18865,36800
1.18762,36850
1.19580,36900
1.19712,36950
1.19565,37000
1.20535,37050
1.21325,37100
1.21307,37150
1.20967,37200
1.21830,37250
1.21954,37300
1.22790,37350
1.23403,37400
1.23341,37450
1.23400,37500
1.23409,37550
1.23616,37600
1.23652,37650
1.25421,37700
1.25227,37750
1.25952,37800
1.26296,37850
1.25825,37900
1.26112,37950
1.26730,38000
1.27017,38050
1.28118,38100
1.27734,38150
1.28177,38200
1.29307,38250
1.30218,38300
1.29147,38350
1.29952,38400
1.29892,38450
1.30072,38500
1.30471,38550
1.30848,38600
1.30847,38650
1.31994,38700
1.35379,38750
1.31215,38800
1.32935,38850
1.32205,38900
1.33275,38950
1.33577,39000
1.33792,39050
1.34412,39100
1.34570,39150
1.34853,39200
1.34558,39250
1.35800,39300
1.36153,39350
1.35680,39400
1.36343,39450
1.36693,39500
1.38022,39550
1.38333,39600
1.39412,39650
1.37528,39700
1.38481,39750
1.38412,39800
1.39138,39850
1.39660,39900
1.40829,39950
1.42536,40000
1.40943,40050
1.41082,40100
1.42276,40150
1.42243,40200
1.42239,40250
1.45942,40300
1.43468,40350
1.42672,40400
1.44429,40450
1.43942,40500
1.44830,40550
1.43983,40600
1.45663,40650
1.46132,40700
1.45956,40750
1.45978,40800
1.47615,40850
1.47007,40900
1.48070,40950
1.47416,41000
1.48680,41050
1.48790,41100
1.48781,41150
1.49282,41200
1.48858,41250
1.48965,41300
1.50283,41350
1.50515,41400
1.50693,41450
1.52176,41500
1.51936,41550
1.51413,41600
1.52473,41650
1.52580,41700
1.53486,41750
1.53811,41800
1.53947,41850
1.53339,41900
1.54968,41950
1.55378,42000
1.54968,42050
1.55933,42100
1.56712,42150
1.55757,42200
1.56027,42250
1.56953,42300
1.56972,42350
1.58565,42400
1.58150,42450
1.58499,42500
1.58789,42550
1.59391,42600
1.59295,42650
1.60478,42700
1.61244,42750
1.60881,42800
1.61681,42850
1.61716,42900
1.62717,42950
1.62463,43000
1.62793,43050
1.63047,43100
1.64115,43150
1.63950,43200
1.63794,43250
1.64257,43300
1.65186,43350
1.65039,43400
1.65234,43450
1.65255,43500
1.66784,43550
1.66092,43600
1.66842,43650
1.67918,43700
1.68961,43750
1.68917,43800
1.68673,43850
1.69516,43900
1.69460,43950
1.70030,44000
1.69757,44050
1.70584,44100
1.71473,44150
1.70332,44200
1.72008,44250
1.72769,44300
1.72274,44350
1.73245,44400
1.73205,44450
1.74278,44500
1.78027,44550
1.74138,44600
1.75294,44650
1.76545,44700
1.75531,44750
1.75799,44800
1.75481,44850
1.77792,44900
1.78637,44950
1.78293,45000
1.79162,45050
1.77825,45100
1.79266,45150
1.80974,45200
1.79117,45250
1.80133,45300
1.80178,45350
1.80364,45400
1.81462,45450
1.82108,45500
1.81518,45550
1.82385,45600
1.83289,45650
1.83163,45700
1.83994,45750
1.84697,45800
1.83678,45850
1.84286,45900
1.85479,45950
1.85821,46000
1.84825,46050
1.87169,46100
1.86994,46150
1.87804,46200
1.87247,46250
1.89237,46300
1.87680,46350
1.88811,46400
1.89041,46450
1.88835,46500
1.91172,46550
1.91707,46600
1.90847,46650
1.90461,46700
1.91528,46750
1.92411,46800
1.94524,46850
1.93037,46900
1.93490,46950
1.93559,47000
1.94687,47050
1.96202,47100
1.95168,47150
1.97383,47200
1.95808,47250
1.96715,47300
1.97651,47350
1.96874,47400
1.97486,47450
1.97062,47500
1.98143,47550
1.99822,47600
1.98879,47650
2.00068,47700
2.00356,47750
2.01116,47800
2.01906,47850
1.99894,47900
2.02066,47950
2.01737,48000
2.02899,48050
2.02971,48100
2.02653,48150
2.04582,48200
2.04050,48250
2.04496,48300
2.05005,48350
2.04956,48400
2.05443,48450
2.06876,48500
2.06757,48550
2.07833,48600
2.07025,48650
2.08162,48700
2.08765,48750
2.09463,48800
2.09139,48850
2.09078,48900
2.10722,48950
2.10591,49000
2.10266,49050
2.11302,49100
2.12642,49150
2.12759,49200
2.12904,49250
2.14116,49300
2.16993,49350
2.13518,49400
2.15278,49450
2.16410,49500
2.16159,49550
2.17008,49600
2.16093,49650
2.16188,49700
2.16680,49750
2.16622,49800
2.19112,49850
2.17827,49900
2.18888,49950
2.19371,50000
2.21391,50050
2.20645,50100
2.22403,50150
2.21074,50200
2.22843,50250
2.21225,50300
2.22983,50350
2.22427,50400
2.23116,50450
2.23756,50500
2.24424,50550
2.25781,50600
2.25123,50650
2.24660,50700
2.24925,50750
2.26835,50800
2.26695,50850
2.27719,50900
2.27223,50950
2.26523,51000
2.28656,51050
2.29868,51100
2.29256,51150
2.30160,51200
2.30566,51250
2.30927,51300
2.32361,51350
2.31646,51400
2.31439,51450
2.33351,51500
2.32870,51550
2.34895,51600
2.33453,51650
2.34418,51700
2.35623,51750
2.35117,51800
2.36879,51850
2.36991,51900
2.37089,51950
2.37448,52000
2.38347,52050
2.38391,52100
2.39606,52150
2.38110,52200
2.39977,52250
2.40204,52300
2.39931,52350
2.40263,52400
2.41520,52450
2.41143,52500
2.42961,52550
2.42985,52600
2.43628,52650
2.43418,52700
2.44185,52750
2.45620,52800
2.45933,52850
2.45275,52900
2.45488,52950
2.46441,53000
2.46360,53050
2.47142,53100
2.47440,53150
2.46593,53200
2.47815,53250
2.49225,53300
2.51260,53350
2.51134,53400
2.49924,53450
2.50566,53500
2.52358,53550
2.52161,53600
2.53473,53650
2.53292,53700
2.53601,53750
2.54332,53800
2.54420,53850
2.53462,53900
2.56101,53950
2.56752,54000
2.54811,54050
2.56064,54100
2.58543,54150
2.57840,54200
2.58011,54250
2.58870,54300
2.61806,54350
2.58665,54400
2.64882,54450
2.59683,54500
2.61197,54550
2.61089,54600
2.62649,54650
2.63575,54700
2.62437,54750
2.62772,54800
2.64243,54850
2.63659,54900
2.63600,54950
2.65520,55000
2.66492,55050
2.65600,55100
2.65556,55150
2.67051,55200
2.65835,55250
2.69643,55300
2.67205,55350
2.75584,55400
2.70045,55450
2.68482,55500
2.70876,55550
2.70816,55600
2.71412,55650
2.72918,55700
2.72494,55750
2.73302,55800
2.72650,55850
2.74679,55900
2.74782,55950
2.75783,56000
2.76147,56050
2.76112,56100
2.76461,56150
2.77083,56200
2.77645,56250
2.78485,56300
2.78367,56350
2.78891,56400
2.78534,56450
2.79971,56500
2.81082,56550
2.80597,56600
2.82121,56650
2.81933,56700
2.83113,56750
2.82432,56800
2.84508,56850
2.83744,56900
2.86766,56950
2.85640,57000
2.85736,57050
2.85482,57100
2.85456,57150
2.87216,57200
2.88315,57250
2.87812,57300
2.87961,57350
2.88764,57400
2.90688,57450
2.93506,57500
2.91400,57550
2.91261,57600
2.90890,57650
2.93592,57700
2.92808,57750
2.92693,57800
2.93741,57850
2.94598,57900
2.95191,57950
2.95569,58000
2.95814,58050
2.95592,58100
2.98224,58150
2.95650,58200
2.97139,58250
2.98547,58300
2.99038,58350
2.97535,58400
2.99022,58450
2.99071,58500
3.02199,58550
3.02090,58600
3.00111,58650
3.03289,58700
3.03811,58750
3.03321,58800
3.03240,58850
3.03496,58900
3.05449,58950
3.06563,59000
3.05785,59050
3.07466,59100
3.07043,59150
3.08542,59200
3.06538,59250
3.07528,59300
3.10099,59350
3.10200,59400
3.10068,59450
3.12325,59500
3.09944,59550
3.12197,59600
3.12977,59650
3.12866,59700
3.14843,59750
3.13920,59800
3.12485,59850
3.18214,59900
3.16366,59950
3.14682,60000
3.16836,60050
3.16949,60100
3.18245,60150
3.22743,60200
3.17937,60250
3.19034,60300
3.18558,60350
3.19167,60400
3.19339,60450
3.20357,60500
3.20795,60550
3.21575,60600
3.21497,60650
3.24752,60700
3.24064,60750
3.25636,60800
3.25042,60850
3.24889,60900
3.25075,60950
3.25592,61000
3.27203,61050
3.27044,61100
3.31612,61150
3.28595,61200
3.29674,61250
3.30156,61300
3.30797,61350
3.29800,61400
3.31923,61450
3.32668,61500
3.32032,61550
3.35067,61600
3.33809,61650
3.34682,61700
3.36784,61750
3.34464,61800
3.36149,61850
3.37603,61900
3.36580,61950
3.36685,62000
3.37491,62050
3.37961,62100
3.37893,62150
3.39184,62200
3.38814,62250
3.40328,62300
3.40667,62350
3.43226,62400
3.41488,62450
3.43815,62500
3.45824,62550
3.43513,62600
3.45695,62650
3.46449,62700
3.53178,62750
3.46275,62800
3.46916,62850
3.49640,62900
3.49098,62950
3.49218,63000
3.48441,63050
3.50506,63100
3.49101,63150
3.50128,63200
3.50207,63250
3.51155,63300
3.53184,63350
3.53138,63400
3.54815,63450
3.54049,63500
3.57894,63550
3.56552,63600
3.58235,63650
3.58464,63700
3.55179,63750
3.58834,63800
3.58139,63850
3.58657,63900
3.59828,63950
3.61673,64000
3.62485,64050
3.60599,64100
3.62132,64150
3.61621,64200
3.62416,64250
3.62915,64300
3.63316,64350
3.63775,64400
3.62227,64450
3.63894,64500
3.66682,64550
3.65914,64600
3.66033,64650
3.67805,64700
3.68817,64750
3.70162,64800
3.67642,64850
3.67762,64900
3.70477,64950
3.71394,65000
3.70786,65050
3.73006,65100
3.73528,65150
3.73637,65200
3.75000,65250
3.75580,65300
3.77134,65350
3.73822,65400
3.75372,65450
3.76210,65500
3.76636,65550
3.78433,65600
3.78712,65650
3.77445,65700
3.79492,65750
3.81928,65800
3.80822,65850
3.79784,65900
3.81949,65950
3.83409,66000
3.82787,66050
3.84916,66100
3.83746,66150
3.85132,66200
3.84382,66250
3.87532,66300
3.86350,66350
3.87303,66400
3.88774,66450
3.88313,66500
3.88602,66550
3.90616,66600
3.90435,66650
3.88162,66700
3.90626,66750
3.90233,66800
3.92690,66850
3.92604,66900
3.92411,66950
3.91635,67000
3.98222,67050
3.95467,67100
3.96541,67150
3.96622,67200
3.96509,67250
3.97681,67300
3.95932,67350
3.97912,67400
4.00565,67450
4.01006,67500
4.00710,67550
4.02124,67600
4.02554,67650
4.02047,67700
4.02429,67750
4.02202,67800
4.02719,67850
4.04686,67900
4.05144,67950
4.04428,68000
4.06570,68050
4.07224,68100
4.08463,68150
4.08910,68200
4.11106,68250
4.08771,68300
4.09603,68350
4.10658,68400
4.11822,68450
4.11287,68500
4.11370,68550
4.13340,68600
4.12699,68650
4.14763,68700
4.15001,68750
4.14604,68800
4.15188,68850
4.14663,68900
4.16564,68950
4.17375,69000
4.19110,69050
4.17742,69100
4.20433,69150
4.21763,69200
4.21765,69250
4.20563,69300
4.21482,69350
4.24627,69400
4.22330,69450
4.25838,69500
4.22837,69550
4.24581,69600
4.27198,69650
4.27532,69700
4.26478,69750
4.27712,69800
4.29152,69850
4.29948,69900
4.31386,69950
4.30567,70000
4.29838,70050
4.31487,70100
4.33191,70150
4.32497,70200
4.30428,70250
4.34981,70300
4.33799,70350
4.35928,70400
4.35682,70450
4.36135,70500
4.37420,70550
4.38614,70600
4.41253,70650
4.39420,70700
4.38966,70750
4.39703,70800
4.41874,70850
4.40104,70900
4.43939,70950
4.43378,71000
4.43077,71050
4.46953,71100
4.44022,71150
4.44837,71200
4.44412,71250
4.44619,71300
4.42835,71350
4.47063,71400
4.49331,71450
4.49264,71500
4.49280,71550
4.47816,71600
4.50205,71650
4.52011,71700
4.51087,71750
4.63586,71800
4.52103,71850
4.52761,71900
4.55387,71950
4.54879,72000
4.60536,72050
4.54539,72100
4.57306,72150
4.58468,72200
4.56474,72250
4.59529,72300
4.57627,72350
4.60226,72400
4.58431,72450
4.61398,72500
4.64163,72550
4.61965,72600
4.62439,72650
4.63471,72700
4.66057,72750
4.65948,72800
4.64147,72850
4.65285,72900
4.70840,72950
4.71011,73000
4.68582,73050
4.68094,73100
4.71273,73150
4.67585,73200
4.69264,73250
4.73988,73300
4.72131,73350
4.73058,73400
4.71992,73450
4.75883,73500
4.75852,73550
4.76439,73600
4.75476,73650
4.78739,73700
4.76735,73750
4.77666,73800
4.77420,73850
4.79572,73900
4.78983,73950
4.81596,74000
4.79665,74050
4.81824,74100
4.84182,74150
4.84320,74200
4.87830,74250
4.85042,74300
4.86091,74350
4.85401,74400
4.86989,74450
4.88407,74500
4.86841,74550
4.91040,74600
4.88204,74650
4.88644,74700
4.91291,74750
4.92151,74800
4.92605,74850
4.92557,74900
4.92607,74950
4.95739,75000
4.96690,75050
4.93671,75100
4.95904,75150
4.96047,75200
4.98579,75250
4.98421,75300
4.98572,75350
4.97975,75400
4.99931,75450
4.99689,75500
5.03106,75550
5.04211,75600
5.02084,75650
5.04634,75700
5.04001,75750
5.04854,75800
5.05728,75850
5.07322,75900
5.05310,75950
5.07332,76000
5.06447,76050
5.08211,76100
5.07092,76150
5.09384,76200
5.11460,76250
5.09515,76300
5.09731,76350
5.11628,76400
5.14436,76450
5.12686,76500
5.11879,76550
5.15641,76600
5.14660,76650
5.18578,76700
5.17682,76750
5.17110,76800
5.20727,76850
5.20934,76900
5.19126,76950
5.19798,77000
5.19682,77050
5.32633,77100
5.27038,77150
5.22841,77200
5.27413,77250
5.22175,77300
5.31666,77350
5.24982,77400
5.25013,77450
5.25837,77500
5.26981,77550
5.29040,77600
5.29535,77650
5.28724,77700
5.31522,77750
5.32495,77800
5.32144,77850
5.33680,77900
5.33824,77950
5.36123,78000
5.33336,78050
5.35443,78100
5.37558,78150
5.35888,78200
5.37962,78250
5.40150,78300
5.39529,78350
5.37657,78400
5.39391,78450
5.38465,78500
5.41633,78550
5.41366,78600
5.41676,78650
5.43608,78700
5.43173,78750
5.46268,78800
5.44132,78850
5.46099,78900
5.52271,78950
5.50553,79000
5.48593,79050
5.50860,79100
5.50171,79150
5.51004,79200
5.52406,79250
5.53765,79300
5.53237,79350
5.53407,79400
5.56168,79450
5.54717,79500
5.56536,79550
5.56308,79600
5.56615,79650
5.58489,79700
5.56958,79750
5.61016,79800
5.59047,79850
5.59837,79900
5.60454,79950
5.61292,80000
5.62731,80050
5.64911,80100
5.65416,80150
5.63571,80200
5.67256,80250
5.66316,80300
5.68028,80350
5.67407,80400
5.66465,80450
5.67833,80500
5.69064,80550
5.71369,80600
5.69452,80650
5.69756,80700
5.72768,80750
5.71567,80800
5.73180,80850
5.74192,80900
5.73354,80950
5.76768,81000
5.75914,81050
5.76017,81100
5.80562,81150
5.77644,81200
5.80004,81250
5.78955,81300
5.80970,81350
5.81522,81400
5.80490,81450
5.80233,81500
5.82090,81550
5.82446,81600
5.87077,81650
5.83691,81700
5.89642,81750
5.88963,81800
5.87707,81850
5.88985,81900
5.89320,81950
5.89262,82000
5.92536,82050
5.92623,82100
5.92469,82150
5.96211,82200
5.92941,82250
5.92164,82300
5.96064,82350
5.97781,82400
5.94975,82450
5.99694,82500
5.98286,82550
5.98492,82600
6.01109,82650
6.00823,82700
6.02360,82750
6.02932,82800
6.04824,82850
6.04543,82900
6.03413,82950
6.07358,83000
6.06596,83050
6.03304,83100
6.06693,83150
6.09019,83200
6.04985,83250
6.10202,83300
6.09231,83350
6.09490,83400
6.08889,83450
6.12771,83500
6.11674,83550
6.14425,83600
6.14247,83650
6.16211,83700
6.15912,83750
6.17959,83800
6.18536,83850
6.18099,83900
6.19317,83950
6.19585,84000
6.21256,84050
6.21034,84100
6.19415,84150
6.25366,84200
6.24261,84250
6.22536,84300
6.26336,84350
6.23466,84400
6.27647,84450
6.28282,84500
6.27573,84550
6.29705,84600
6.30741,84650
6.27412,84700
6.29180,84750
6.35732,84800
6.30654,84850
6.35881,84900
6.33421,84950
6.34703,85000
6.34843,85050
6.33523,85100
6.37718,85150
6.38284,85200
6.41387,85250
6.45103,85300
6.40393,85350
6.41993,85400
6.42528,85450
6.43741,85500
6.40210,85550
6.44279,85600
6.40399,85650
6.45767,85700
6.45752,85750
6.45178,85800
6.45078,85850
6.48627,85900
6.48790,85950
6.46820,86000
6.50968,86050
6.51455,86100
6.51389,86150
6.52079,86200
6.50147,86250
6.55042,86300
6.53652,86350
6.60352,86400
6.55515,86450
6.57892,86500
6.60578,86550
6.58379,86600
6.58216,86650
6.60625,86700
6.58180,86750
6.60400,86800
6.62831,86850
6.63174,86900
6.66577,86950
6.69347,87000
6.69923,87050
6.68594,87100
6.66333,87150
6.67898,87200
6.70016,87250
6.72111,87300
6.68894,87350
6.72520,87400
6.71480,87450
6.70415,87500
6.71068,87550
6.73588,87600
6.75500,87650
6.74238,87700
6.76904,87750
6.75981,87800
6.76517,87850
6.77637,87900
6.78450,87950
6.79975,88000
6.80340,88050
6.82400,88100
6.81618,88150
6.84373,88200
6.81116,88250
6.84701,88300
6.85008,88350
6.82930,88400
6.88086,88450
6.90195,88500
6.91234,88550
6.87686,88600
6.89716,88650
6.90477,88700
6.90394,88750
6.90268,88800
6.91015,88850
6.97267,88900
6.95072,88950
6.90726,89000
6.97666,89050
6.98198,89100
6.93554,89150
6.99238,89200
7.04899,89250
7.00981,89300
7.03717,89350
7.03688,89400
7.09756,89450
7.00895,89500
7.01807,89550
7.05909,89600
7.06230,89650
7.09492,89700
7.09211,89750
7.09343,89800
7.07333,89850
7.08509,89900
7.08551,89950
7.12207,90000
7.11744,90050
7.10053,90100
7.13713,90150
7.16998,90200
7.15936,90250
7.14209,90300
7.15632,90350
7.19117,90400
7.25827,90450
7.19767,90500
7.18067,90550
7.19765,90600
7.23002,90650
7.19960,90700
7.25708,90750
7.33666,90800
7.26721,90850
7.23512,90900
7.24808,90950
7.26494,91000
7.28254,91050
7.29579,91100
7.28507,91150
7.29115,91200
7.27676,91250
7.30369,91300
7.38861,91350
7.33789,91400
7.34209,91450
7.31574,91500
7.38334,91550
7.37728,91600
7.38521,91650
7.39498,91700
7.38686,91750
7.40228,91800
7.38405,91850
7.38827,91900
7.40991,91950
7.46661,92000
7.42956,92050
7.40880,92100
7.44162,92150
7.43934,92200
7.45934,92250
7.47428,92300
7.49274,92350
7.50959,92400
7.49927,92450
7.55276,92500
7.49771,92550
7.54419,92600
7.57507,92650
7.53489,92700
7.52848,92750
7.56609,92800
7.56299,92850
7.56607,92900
7.62593,92950
7.62315,93000
7.61390,93050
7.62581,93100
7.56504,93150
7.60984,93200
7.64291,93250
7.66399,93300
7.67172,93350
7.65337,93400
7.71511,93450
7.67849,93500
7.68849,93550
7.71456,93600
7.69318,93650
7.72418,93700
7.70085,93750
7.69901,93800
7.72176,93850
7.76168,93900
7.71847,93950
7.77074,94000
7.77060,94050
7.71791,94100
7.77441,94150
7.81994,94200
7.81234,94250
7.82733,94300
7.81970,94350
7.84770,94400
7.83936,94450
7.82047,94500
7.85480,94550
7.84935,94600
7.86396,94650
7.87743,94700
7.85029,94750
7.91189,94800
7.90720,94850
7.90412,94900
7.88559,94950
7.93284,95000
7.88850,95050
7.96272,95100
7.97111,95150
7.98015,95200
8.00017,95250
7.98639,95300
8.00201,95350
8.00062,95400
7.98726,95450
7.95627,95500
8.02223,95550
8.02810,95600
8.03831,95650
8.07561,95700
8.06051,95750
8.06215,95800
8.04994,95850
8.08586,95900
8.06109,95950
8.08737,96000
8.11661,96050
8.07612,96100
8.09390,96150
8.11614,96200
8.14050,96250
8.15555,96300
8.14079,96350
8.19747,96400
8.12824,96450
8.16968,96500
8.19120,96550
8.18167,96600
8.17993,96650
8.23399,96700
8.22397,96750
8.22963,96800
8.21202,96850
8.19226,96900
8.26766,96950
8.26519,97000
8.24292,97050
8.25606,97100
8.29741,97150
8.25612,97200
8.30583,97250
8.31421,97300
8.30742,97350
8.36177,97400
8.34675,97450
8.37533,97500
8.36055,97550
8.37307,97600
8.35847,97650
8.36414,97700
8.37584,97750
8.40244,97800
8.37991,97850
8.41918,97900
8.41053,97950
8.41414,98000
8.41881,98050
8.42771,98100
8.45374,98150
8.44827,98200
8.49151,98250
8.47669,98300
8.45901,98350
8.47425,98400
8.52417,98450
8.49007,98500
8.51773,98550
8.54977,98600
8.54865,98650
8.55531,98700
8.55232,98750
8.55551,98800
8.55615,98850
8.56422,98900
8.60131,98950
8.59601,99000
8.59301,99050
8.63606,99100
8.64602,99150
8.61913,99200
8.66633,99250
8.64945,99300
8.66266,99350
8.67826,99400
8.65299,99450
8.69155,99500
8.71658,99550
8.71214,99600
8.69594,99650
8.69637,99700
8.77876,99750
8.73631,99800
8.75713,99850
8.80245,99900
8.75962,99950
8.78912,100000
8.77842,100050
8.81179,100100
8.81774,100150
8.84088,100200
8.82670,100250
8.82411,100300
8.85460,100350
8.86459,100400
8.87532,100450
8.88507,100500
8.89380,100550
8.89791,100600
8.88292,100650
8.90530,100700
8.95302,100750
8.95883,100800
8.94199,100850
9.00768,100900
8.93393,100950
8.91756,101000
9.02280,101050
8.98515,101100
8.97765,101150
8.98783,101200
9.00055,101250
8.97448,101300
8.95316,101350
9.02290,101400
9.00817,101450
9.04572,101500
9.05061,101550
9.04737,101600
9.06980,101650
9.12236,101700
9.06992,101750
9.08999,101800
9.05781,101850
9.09605,101900
9.10822,101950
9.14228,102000
9.09657,102050
9.14505,102100
9.11826,102150
9.17865,102200
9.18779,102250
9.16604,102300
9.21653,102350
9.22949,102400
9.21638,102450
9.23457,102500
9.27642,102550
9.24978,102600
9.24299,102650
9.26113,102700
9.27820,102750
9.25493,102800
9.27978,102850
9.30930,102900
9.31622,102950
9.27075,103000
9.32132,103050
9.31958,103100
9.33301,103150
9.31640,103200
9.36905,103250
9.40109,103300
9.44288,103350
9.37628,103400
9.39755,103450
9.41484,103500
9.38945,103550
9.40598,103600
9.42396,103650
9.46362,103700
9.41340,103750
9.43133,103800
9.46613,103850
9.45698,103900
9.59711,103950
9.48612,104000
9.49920,104050
9.51270,104100
9.52523,104150
9.54669,104200
9.53616,104250
9.49997,104300
9.55290,104350
9.59474,104400
9.55485,104450
9.60419,104500
9.59658,104550
9.59892,104600
9.63697,104650
9.61247,104700
9.60252,104750
9.63933,104800
9.66510,104850
9.65676,104900
9.66101,104950
9.66874,105000
9.66138,105050
9.70451,105100
9.71563,105150
9.72597,105200
9.70371,105250
9.74131,105300
9.73104,105350
9.73107,105400
9.76675,105450
9.73473,105500
9.79213,105550
9.80536,105600
9.78884,105650
9.81678,105700
9.81265,105750
9.80377,105800
9.82066,105850
9.86758,105900
9.86083,105950
9.84675,106000
9.88321,106050
9.84959,106100
9.89986,106150
9.91369,106200
9.93937,106250
9.91834,106300
9.93329,106350
9.95671,106400
9.98635,106450
9.94954,106500
9.98403,106550
9.97446,106600
9.97151,106650
10.00426,106700
10.02615,106750
10.03112,106800
10.03438,106850
10.05293,106900
10.06183,106950
10.04392,107000
10.11201,107050
10.09247,107100
10.07312,107150
10.10382,107200
10.09416,107250
10.08387,107300
10.09190,107350
10.10320,107400
10.16678,107450
10.15352,107500
10.17465,107550
10.19945,107600
10.18886,107650
10.18511,107700
10.20960,107750
10.22124,107800
10.22336,107850
10.24919,107900
10.23172,107950
10.24886,108000
10.23153,108050
10.29011,108100
10.24803,108150
10.27463,108200
10.33167,108250
10.31725,108300
10.29261,108350
10.33038,108400
10.32649,108450
10.33988,108500
10.31654,108550
10.36503,108600
10.43175,108650
10.36519,108700
10.34145,108750
10.37142,108800
10.42148,108850
10.42691,108900
10.43805,108950
10.41631,109000
10.45147,109050
10.39838,109100
10.49259,109150
10.48805,109200
10.47837,109250
10.49514,109300
10.49840,109350
10.49479,109400
10.54319,109450
10.54006,109500
10.51314,109550
10.54769,109600
10.56389,109650
10.56008,109700
10.56471,109750
10.56625,109800
10.59059,109850
10.58259,109900
10.63822,109950
10.62688,110000
10.62310,110050
10.62727,110100
10.66837,110150
10.64523,110200
10.68181,110250
10.65808,110300
10.68419,110350
10.67558,110400
10.68336,110450
10.74789,110500
10.73526,110550
10.74298,110600
10.76905,110650
10.74610,110700
10.76977,110750
10.85828,110800
10.80110,110850
10.78882,110900
10.78740,110950
10.82082,111000
10.81469,111050
10.82725,111100
10.83568,111150
10.83521,111200
10.84532,111250
10.85172,111300
10.88569,111350
10.91079,111400
10.90907,111450
10.89263,111500
10.93147,111550
10.97089,111600
10.94612,111650
10.97232,111700
10.95258,111750
10.99253,111800
11.00980,111850
